20250310_110216,2.326,-1.124,0,0,0,0,0,0,0,0,0,0,0
20250310_110216,2.306,-1.124,0,0,0,0,0,0,0,0,0,0,0
20250310_110216,2.286,-1.124,0,0,0,0,0,0,0,0,0,0,0
20250310_110216,2.266,-1.124,0,0,0,0,0,0,0,0,0,0,0
20250310_110216,2.245,-1.124,0,0,0,0,0,0,0,0,0,0,0
20250310_110216,2.225,-1.124,0,0,0,0,0,0,0,0,0,0,0
20250310_110216,2.205,-1.124,0,0,0,0,0,0,0,0,0,0,0
20250310_110216,2.185,-1.124,0,0,0,0,0,0,0,0,0,0,0
20250310_110216,2.165,-1.123,0,0,0,0,0,0,0,0,0,0,0
20250310_110216,2.145,-1.123,0,0,0,0,0,0,0,0,0,0,0
20250310_110216,2.124,-1.123,0,0,0,0,0,0,0,0,0,0,0
20250310_110216,2.104,-1.123,0,0,0,0,0,0,0,0,0,0,0
20250310_110216,2.084,-1.123,0,0,0,0,0,0,0,0,0,0,0
20250310_110216,2.064,-1.123,0,0,0,0,0,0,0,0,0,0,0
20250310_110216,2.044,-1.123,0,0,0,0,0,0,0,0,0,0,0
20250310_110216,2.024,-1.123,0,0,0,0,0,0,0,0,0,0,0
20250310_110216,2.003,-1.123,0,0,0,0,0,0,0,0,0,0,0
20250310_110216,1.983,-1.122,0,0,0,0,0,0,0,0,0,0,0
20250310_110216,1.963,-1.122,0,0,0,0,0,0,0,0,0,0,0
20250310_110216,1.943,-1.122,0,0,0,0,0,0,0,0,0,0,0
20250310_110216,1.923,-1.122,0,0,0,0,0,0,0,0,0,0,0
20250310_110216,1.903,-1.122,0,0,0,0,0,0,0,0,0,0,0
20250310_110216,1.882,-1.122,0,0,0,0,0,0,0,0,0,0,0
20250310_110216,1.862,-1.122,0,0,0,0,0,0,0,0,0,0,0
20250310_110216,1.842,-1.122,0,0,0,0,0,0,0,0,0,0,0
20250310_110216,1.822,-1.122,0,0,0,0,0,0,0,0,0,0,0
20250310_110216,1.802,-1.121,0,0,0,0,0,0,0,0,0,0,0
20250310_110216,1.781,-1.121,0,0,0,0,0,0,0,0,0,0,0
20250310_110216,1.761,-1.121,0,0,0,0,0,0,0,0,0,0,0
20250310_110216,1.741,-1.121,0,0,0,0,0,0,0,0,0,0,0
20250310_110216,1.721,-1.121,0,0,0,0,0,0,0,0,0,0,0
20250310_110216,1.701,-1.121,0,0,0,0,0,0,0,0,0,0,0
20250310_110216,1.681,-1.121,0,0,0,0,0,0,0,0,0,0,0
20250310_110216,1.660,-1.121,0,0,0,0,0,0,0,0,0,0,0
20250310_110216,1.640,-1.121,0,0,0,0,0,0,0,0,0,0,0
20250310_110216,1.620,-1.120,0,0,0,0,0,0,0,0,0,0,0
20250310_110216,1.600,-1.120,0,0,0,0,0,0,0,0,0,0,0
20250310_110216,1.580,-1.120,0,0,0,0,0,0,0,0,0,0,0
20250310_110216,1.560,-1.120,0,0,0,0,0,0,0,0,0,0,0
20250310_110216,1.539,-1.120,0,0,0,0,0,0,0,0,0,0,0
20250310_110216,1.519,-1.120,0,0,0,0,0,0,0,0,0,0,0
20250310_110216,1.499,-1.120,0,0,0,0,0,0,0,0,0,0,0
20250310_110216,1.479,-1.120,0,0,0,0,0,0,0,0,0,0,0
20250310_110216,1.459,-1.120,0,0,0,0,0,0,0,0,0,0,0
20250310_110216,1.438,-1.119,0,0,0,0,0,0,0,0,0,0,0
20250310_110216,1.418,-1.119,0,0,0,0,0,0,0,0,0,0,0
20250310_110216,1.398,-1.119,0,0,0,0,0,0,0,0,0,0,0
20250310_110216,1.378,-1.119,0,0,0,0,0,0,0,0,0,0,0
20250310_110216,1.358,-1.119,0,0,0,0,0,0,0,0,0,0,0
20250310_110216,1.338,-1.119,0,0,0,0,0,0,0,0,0,0,0
20250310_110216,1.317,-1.119,0,0,0,0,0,0,0,0,0,0,0
20250310_110216,1.297,-1.119,0,0,0,0,0,0,0,0,0,0,0
20250310_110216,1.277,-1.119,0,0,0,0,0,0,0,0,0,0,0
20250310_110216,1.257,-1.118,0,0,0,0,0,0,0,0,0,0,0
20250310_110216,1.236,-1.118,0,0,0,0,0,0,0,0,0,0,0
20250310_110216,1.216,-1.119,0,0,0,0,0,0,0,0,0,0,0
20250310_110216,1.196,-1.119,0,0,0,0,0,0,0,0,0,0,0
20250310_110216,1.175,-1.119,0,0,0,0,0,0,0,0,0,0,0
20250310_110216,1.155,-1.119,0,0,0,0,0,0,0,0,0,0,0
20250310_110216,1.134,-1.119,0,0,0,0,0,0,0,0,0,0,0
20250310_110216,1.114,-1.119,0,0,0,0,0,0,0,0,0,0,0
20250310_110216,1.094,-1.119,0,0,0,0,0,0,0,0,0,0,0
20250310_110216,1.073,-1.119,0,0,0,0,0,0,0,0,0,0,0
20250310_110216,1.053,-1.119,0,0,0,0,0,0,0,0,0,0,0
20250310_110216,1.032,-1.119,0,0,0,0,0,0,0,0,0,0,0
20250310_110216,1.012,-1.119,0,0,0,0,0,0,0,0,0,0,0
20250310_110216,0.991,-1.119,0,0,0,0,0,0,0,0,0,0,0
20250310_110216,0.971,-1.119,0,0,0,0,0,0,0,0,0,0,0
20250310_110216,0.951,-1.119,0,0,0,0,0,0,0,0,0,0,0
20250310_110216,0.930,-1.119,0,0,0,0,0,0,0,0,0,0,0
20250310_110216,0.910,-1.119,0,0,0,0,0,0,0,0,0,0,0
20250310_110216,0.889,-1.119,0,0,0,0,0,0,0,0,0,0,0
20250310_110216,0.869,-1.119,0,0,0,0,0,0,0,0,0,0,0
20250310_110216,0.848,-1.119,0,0,0,0,0,0,0,0,0,0,0
20250310_110216,0.828,-1.119,0,0,0,0,0,0,0,0,0,0,0
20250310_110216,0.808,-1.119,0,0,0,0,0,0,0,0,0,0,0
20250310_110216,0.787,-1.119,0,0,0,0,0,0,0,0,0,0,0
20250310_110216,0.767,-1.119,0,0,0,0,0,0,0,0,0,0,0
20250310_110216,0.746,-1.119,0,0,0,0,0,0,0,0,0,0,0
20250310_110216,0.726,-1.119,0,0,0,0,0,0,0,0,0,0,0
20250310_110216,0.705,-1.119,0,0,0,0,0,0,0,0,0,0,0
20250310_110216,0.685,-1.119,0,0,0,0,0,0,0,0,0,0,0
20250310_110216,0.665,-1.119,0,0,0,0,0,0,0,0,0,0,0
20250310_110216,0.644,-1.119,0,0,0,0,0,0,0,0,0,0,0
20250310_110216,0.624,-1.119,0,0,0,0,0,0,0,0,0,0,0
20250310_110216,0.603,-1.119,0,0,0,0,0,0,0,0,0,0,0
20250310_110216,0.583,-1.119,0,0,0,0,0,0,0,0,0,0,0
20250310_110216,0.563,-1.120,0,0,0,0,0,0,0,0,0,0,0
20250310_110216,0.542,-1.120,0,0,0,0,0,0,0,0,0,0,0
20250310_110216,0.522,-1.120,0,0,0,0,0,0,0,0,0,0,0
20250310_110216,0.501,-1.120,0,0,0,0,0,0,0,0,0,0,0
20250310_110216,0.481,-1.120,0,0,0,0,0,0,0,0,0,0,0
20250310_110216,0.460,-1.120,0,0,0,0,0,0,0,0,0,0,0
20250310_110216,0.440,-1.120,0,0,0,0,0,0,0,0,0,0,0
20250310_110216,0.420,-1.120,0,0,0,0,0,0,0,0,0,0,0
20250310_110216,0.399,-1.120,0,0,0,0,0,0,0,0,0,0,0
20250310_110216,0.379,-1.119,0,0,0,0,0,0,0,0,8,0,0
20250310_110216,0.358,-1.119,0,0,0,0,0,0,0,0,8,0,0
20250310_110216,0.338,-1.118,0,0,0,0,0,0,0,0,8,0,0
20250310_110216,0.317,-1.118,0,0,0,0,0,0,0,0,8,0,0
20250310_110216,0.297,-1.117,0,0,0,0,0,0,0,0,8,0,0
20250310_110216,0.276,-1.117,0,0,0,0,0,0,0,0,8,0,0
20250310_110216,0.256,-1.116,0,0,0,0,0,0,0,0,8,0,0
20250310_110216,0.236,-1.116,0,0,0,0,0,0,0,0,8,0,0
20250310_110216,0.215,-1.115,0,0,0,0,0,0,0,0,8,0,0
20250310_110216,0.194,-1.112,0,0,0,0,0,0,0,0,8,0,0
20250310_110216,0.173,-1.109,0,0,0,0,0,0,0,0,8,0,0
20250310_110216,0.151,-1.106,0,0,0,0,0,0,0,0,8,0,0
20250310_110216,0.130,-1.103,0,0,0,0,0,0,0,0,8,0,0
20250310_110216,0.109,-1.100,0,0,0,0,0,0,0,0,8,0,0
20250310_110216,0.085,-1.089,0,0,0,0,0,0,0,0,8,0,0
20250310_110216,0.061,-1.078,0,0,0,0,0,0,0,0,8,0,0
20250310_110216,0.037,-1.067,0,0,0,0,0,0,0,0,8,0,0
20250310_110216,0.013,-1.056,0,0,0,0,0,0,0,0,8,0,0
20250310_110216,-0.012,-1.033,0,0,0,0,0,0,0,0,8,0,0
20250310_110216,-0.037,-1.010,0,0,0,0,0,0,0,0,8,0,0
20250310_110216,-0.063,-0.987,0,0,0,0,0,0,0,0,8,0,0
20250310_110216,-0.075,-0.966,0,0,0,0,0,0,0,0,8,0,0
20250310_110216,-0.087,-0.944,0,0,0,0,0,0,0,0,8,0,0
20250310_110216,-0.099,-0.922,0,0,0,0,0,0,0,0,8,0,0
20250310_110216,-0.111,-0.901,0,0,0,0,0,0,0,0,8,0,0
20250310_110216,-0.116,-0.877,0,0,0,0,0,0,0,0,8,0,0
20250310_110216,-0.120,-0.853,0,0,0,0,0,0,0,0,8,0,0
20250310_110216,-0.124,-0.829,0,0,0,0,0,0,0,0,8,0,0
20250310_110216,-0.128,-0.805,0,0,0,0,0,0,0,0,8,0,0
20250310_110216,-0.128,-0.784,0,0,0,0,0,0,0,0,8,0,0
20250310_110216,-0.128,-0.764,0,0,0,0,0,0,0,0,8,0,0
20250310_110216,-0.128,-0.743,0,0,0,0,0,0,0,0,8,0,0
20250310_110216,-0.129,-0.723,0,0,0,0,0,0,0,0,8,0,0
20250310_110216,-0.129,-0.702,0,0,0,0,0,0,0,0,8,0,0
20250310_110216,-0.129,-0.682,0,0,0,0,0,0,0,0,8,0,0
20250310_110216,-0.129,-0.661,0,0,0,0,0,0,0,0,8,0,0
20250310_110216,-0.129,-0.640,0,0,0,0,0,0,0,0,8,0,0
20250310_110216,-0.129,-0.620,0,0,0,0,0,0,0,0,8,0,0
20250310_110216,-0.129,-0.599,0,0,0,0,0,0,0,0,8,0,0
20250310_110216,-0.129,-0.579,0,0,0,0,0,0,0,0,8,0,0
20250310_110216,-0.129,-0.558,0,0,0,0,0,0,0,0,8,0,0
20250310_110216,-0.129,-0.538,0,0,0,0,0,0,0,0,8,0,0
20250310_110216,-0.129,-0.517,0,0,0,0,0,0,0,0,8,0,0
20250310_110216,-0.130,-0.497,0,0,0,0,0,0,0,0,8,0,0
20250310_110216,-0.130,-0.476,0,0,0,0,0,0,0,0,8,0,0
20250310_110216,-0.130,-0.456,0,0,0,0,0,0,0,0,8,0,0
20250310_110216,-0.130,-0.435,0,0,0,0,0,0,0,0,8,0,0
20250310_110216,-0.130,-0.415,0,0,0,0,0,0,0,0,8,0,0
20250310_110216,-0.130,-0.394,0,0,0,0,0,0,0,0,8,0,0
20250310_110216,-0.130,-0.373,0,0,0,0,0,0,0,0,8,0,0
20250310_110216,-0.130,-0.353,0,0,0,0,0,0,0,0,8,0,0
20250310_110216,-0.128,-0.332,0,0,0,0,0,0,0,0,8,0,0
20250310_110216,-0.125,-0.312,0,0,0,0,0,0,0,0,8,0,0
20250310_110216,-0.122,-0.291,0,0,0,0,0,0,0,0,8,0,0
20250310_110216,-0.120,-0.270,0,0,0,0,0,0,0,0,8,0,0
20250310_110216,-0.117,-0.250,0,0,0,0,0,0,0,0,8,0,0
20250310_110216,-0.107,-0.226,0,0,0,0,0,0,0,0,8,0,0
20250310_110216,-0.098,-0.202,0,0,0,0,0,0,0,0,8,0,0
20250310_110216,-0.088,-0.178,0,0,0,0,0,0,0,0,8,0,0
20250310_110216,-0.078,-0.154,0,0,0,0,0,0,0,0,8,0,0
20250310_110216,-0.063,-0.133,0,0,0,0,0,0,0,0,8,0,0
20250310_110216,-0.047,-0.112,0,0,0,0,0,0,0,0,8,0,0
20250310_110216,-0.032,-0.092,0,0,0,0,0,0,0,0,8,0,0
20250310_110216,-0.017,-0.071,0,0,0,0,0,0,0,0,8,0,0
20250310_110216,0.004,-0.055,0,0,0,0,0,0,0,0,8,0,0
20250310_110216,0.024,-0.039,0,0,0,0,0,0,0,0,8,0,0
20250310_110216,0.044,-0.024,0,0,0,0,0,0,0,0,8,0,0
20250310_110216,0.064,-0.008,0,0,0,0,0,0,0,0,8,0,0
20250310_110216,0.087,0.002,0,0,0,0,0,0,0,0,8,0,0
20250310_110216,0.111,0.012,0,0,0,0,0,0,0,0,8,0,0
20250310_110216,0.134,0.022,0,0,0,0,0,0,0,0,8,0,0
20250310_110216,0.157,0.032,0,0,0,0,0,0,0,0,8,0,0
20250310_110216,0.178,0.035,0,0,0,0,0,0,0,0,8,0,0
20250310_110216,0.198,0.038,0,0,0,0,0,0,0,0,8,0,0
20250310_110216,0.218,0.040,0,0,0,0,0,0,0,0,8,0,0
20250310_110216,0.238,0.043,0,0,0,0,0,0,0,0,8,0,0
20250310_110216,0.258,0.046,0,0,0,0,0,0,0,0,8,0,0
20250310_110216,0.278,0.046,0,0,0,0,0,0,0,0,0,0,0
20250310_110216,0.298,0.046,0,0,0,0,0,0,0,0,0,0,0
20250310_110216,0.319,0.046,0,0,0,0,0,0,0,0,0,0,0
20250310_110216,0.339,0.046,0,0,0,0,0,0,0,0,0,0,0
20250310_110216,0.359,0.046,0,0,0,0,0,0,0,0,0,0,0
20250310_110216,0.379,0.046,0,0,0,0,0,0,0,0,0,0,0
20250310_110216,0.400,0.047,0,0,0,0,0,0,0,0,0,0,0
20250310_110216,0.420,0.047,0,0,0,0,0,0,0,0,0,0,0
20250310_110216,0.440,0.047,0,0,0,0,0,0,0,0,0,0,0
20250310_110216,0.460,0.047,0,0,0,0,0,0,0,0,0,0,0
20250310_110216,0.481,0.047,0,0,0,0,0,0,0,0,0,0,0
20250310_110216,0.501,0.047,0,0,0,0,0,0,0,0,0,0,0
20250310_110216,0.521,0.047,0,0,0,0,0,0,0,0,0,0,0
20250310_110216,0.541,0.047,0,0,0,0,0,0,0,0,0,0,0
20250310_110216,0.562,0.048,0,0,0,0,0,0,0,0,0,0,0
20250310_110216,0.582,0.048,0,0,0,0,0,0,0,0,0,0,0
20250310_110216,0.602,0.048,0,0,0,0,0,0,0,0,0,0,0
20250310_110216,0.622,0.048,0,0,0,0,0,0,0,0,0,0,0
20250310_110216,0.643,0.048,0,0,0,0,0,0,0,0,0,0,0
20250310_110216,0.663,0.048,0,0,0,0,0,0,0,0,0,0,0
20250310_110216,0.683,0.048,0,0,0,0,0,0,0,0,0,0,0
20250310_110216,0.703,0.048,0,0,0,0,0,0,0,0,0,0,0
20250310_110216,0.724,0.049,0,0,0,0,0,0,0,0,0,0,0
20250310_110216,0.744,0.049,0,0,0,0,0,0,0,0,0,0,0
20250310_110216,0.764,0.049,0,0,0,0,0,0,0,0,0,0,0
20250310_110216,0.784,0.049,0,0,0,0,0,0,0,0,0,0,0
20250310_110216,0.805,0.049,0,0,0,0,0,0,0,0,0,0,0
20250310_110216,0.825,0.049,0,0,0,0,0,0,0,0,0,0,0
20250310_110216,0.845,0.049,0,0,0,0,0,0,0,0,0,0,0
20250310_110216,0.865,0.049,0,0,0,0,0,0,0,0,0,0,0
20250310_110216,0.886,0.050,0,0,0,0,0,0,0,0,0,0,0
20250310_110216,0.906,0.050,0,0,0,0,0,0,0,0,0,0,0
20250310_110216,0.926,0.050,0,0,0,0,0,0,0,0,0,0,0
20250310_110216,0.946,0.050,0,0,0,0,0,0,0,0,0,0,0
20250310_110216,0.967,0.050,0,0,0,0,0,0,0,0,0,0,0
20250310_110216,0.987,0.050,0,0,0,0,0,0,0,0,0,0,0
20250310_110216,1.007,0.050,0,0,0,0,0,0,0,0,0,0,0
20250310_110216,1.027,0.050,0,0,0,0,0,0,0,0,0,0,0
20250310_110216,1.048,0.051,0,0,0,0,0,0,0,0,0,0,0
20250310_110216,1.068,0.051,0,0,0,0,0,0,0,0,0,0,0
20250310_110216,1.088,0.051,0,0,0,0,0,0,0,0,0,0,0
20250310_110216,1.108,0.051,0,0,0,0,0,0,0,0,0,0,0
20250310_110216,1.129,0.051,0,0,0,0,0,0,0,0,0,0,0
20250310_110216,1.149,0.051,0,0,0,0,0,0,0,0,0,0,0
20250310_110216,1.169,0.051,0,0,0,0,0,0,0,0,0,0,0
20250310_110216,1.189,0.051,0,0,0,0,0,0,0,0,0,0,0
20250310_110216,1.209,0.051,0,0,0,0,0,0,0,0,0,0,0
20250310_110216,1.230,0.051,0,0,0,0,0,0,0,0,0,0,0
20250310_110216,1.250,0.051,0,0,0,0,0,0,0,0,0,0,0
20250310_110216,1.270,0.051,0,0,0,0,0,0,0,0,0,0,0
20250310_110216,1.290,0.051,0,0,0,0,0,0,0,0,0,0,0
20250310_110216,1.310,0.050,0,0,0,0,0,0,0,0,0,0,0
20250310_110216,1.330,0.050,0,0,0,0,0,0,0,0,0,0,0
20250310_110216,1.350,0.050,0,0,0,0,0,0,0,0,0,0,0
20250310_110216,1.370,0.050,0,0,0,0,0,0,0,0,0,0,0
20250310_110216,1.390,0.050,0,0,0,0,0,0,0,0,0,0,0
20250310_110216,1.410,0.050,0,0,0,0,0,0,0,0,0,0,0
20250310_110216,1.430,0.050,0,0,0,0,0,0,0,0,0,0,0
20250310_110216,1.451,0.049,0,0,0,0,0,0,0,0,0,0,0
20250310_110216,1.471,0.049,0,0,0,0,0,0,0,0,0,0,0
20250310_110216,1.491,0.049,0,0,0,0,0,0,0,0,0,0,0
20250310_110216,1.511,0.049,0,0,0,0,0,0,0,0,0,0,0
20250310_110216,1.531,0.049,0,0,0,0,0,0,0,0,0,0,0
20250310_110216,1.551,0.049,0,0,0,0,0,0,0,0,0,0,0
20250310_110216,1.571,0.048,0,0,0,0,0,0,0,0,0,0,0
20250310_110216,1.591,0.048,0,0,0,0,0,0,0,0,0,0,0
20250310_110216,1.611,0.048,0,0,0,0,0,0,0,0,0,0,0
20250310_110216,1.631,0.048,0,0,0,0,0,0,0,0,0,0,0
20250310_110216,1.651,0.048,0,0,0,0,0,0,0,0,0,0,0
20250310_110216,1.672,0.048,0,0,0,0,0,0,0,0,0,0,0
20250310_110216,1.692,0.047,0,0,0,0,0,0,0,0,0,0,0
20250310_110216,1.712,0.047,0,0,0,0,0,0,0,0,0,0,0
20250310_110216,1.732,0.047,0,0,0,0,0,0,0,0,0,0,0
20250310_110216,1.752,0.047,0,0,0,0,0,0,0,0,0,0,0
20250310_110216,1.772,0.047,0,0,0,0,0,0,0,0,0,0,0
20250310_110216,1.792,0.047,0,0,0,0,0,0,0,0,0,0,0
20250310_110216,1.812,0.047,0,0,0,0,0,0,0,0,0,0,0
20250310_110216,1.832,0.046,0,0,0,0,0,0,0,0,0,0,0
20250310_110216,1.852,0.046,0,0,0,0,0,0,0,0,0,0,0
20250310_110216,1.872,0.046,0,0,0,0,0,0,0,0,0,0,0
20250310_110216,1.893,0.046,0,0,0,0,0,0,0,0,0,0,0
20250310_110216,1.913,0.046,0,0,0,0,0,0,0,0,0,0,0
20250310_110216,1.933,0.046,0,0,0,0,0,0,0,0,0,0,0
20250310_110216,1.953,0.045,0,0,0,0,0,0,0,0,0,0,0
20250310_110216,1.973,0.045,0,0,0,0,0,0,0,0,0,0,0
20250310_110216,1.993,0.045,0,0,0,0,0,0,0,0,0,0,0
20250310_110216,2.013,0.045,0,0,0,0,0,0,0,0,0,0,0
20250310_110216,2.033,0.045,0,0,0,0,0,0,0,0,0,0,0
20250310_110216,2.053,0.045,0,0,0,0,0,0,0,0,0,0,0
20250310_110216,2.073,0.045,0,0,0,0,0,0,0,0,0,0,0
20250310_110216,2.093,0.044,0,0,0,0,0,0,0,0,0,0,0
20250310_110216,2.114,0.044,0,0,0,0,0,0,0,0,0,0,0
20250310_110216,2.134,0.044,0,0,0,0,0,0,0,0,0,0,0
20250310_110216,2.154,0.044,0,0,0,0,0,0,0,0,0,0,0
20250310_110216,2.174,0.044,0,0,0,0,0,0,0,0,0,0,0
20250310_110216,2.194,0.044,0,0,0,0,0,0,0,0,0,0,0
20250310_110216,2.214,0.043,0,0,0,0,0,0,0,0,0,0,0
20250310_110216,2.234,0.043,0,0,0,0,0,0,0,0,0,0,0
20250310_110216,2.254,0.043,0,0,0,0,0,0,0,0,0,0,0
20250310_110216,2.274,0.043,0,0,0,0,0,0,0,0,0,0,0
20250310_110216,2.294,0.043,0,0,0,0,0,0,0,0,0,0,0
20250310_110216,2.314,0.043,0,0,0,0,0,0,0,0,0,0,0
20250310_110216,2.335,0.042,0,0,0,0,0,0,0,0,0,0,0
20250310_110216,2.355,0.042,0,0,0,0,0,0,0,0,0,0,0
20250310_110216,2.375,0.042,0,0,0,0,0,0,0,0,0,0,0
20250310_110216,2.395,0.042,0,0,0,0,0,0,0,0,0,0,0
20250310_110216,2.415,0.042,0,0,0,0,0,0,0,0,0,0,0
20250310_110216,2.435,0.042,0,0,0,0,0,0,0,0,0,0,0
20250310_110216,2.455,0.042,0,0,0,0,0,0,0,0,0,0,0
20250310_110216,2.475,0.041,0,0,0,0,0,0,0,0,0,0,0
20250310_110216,2.495,0.041,0,0,0,0,0,0,0,0,0,0,0
20250310_110216,2.515,0.041,0,0,0,0,0,0,0,0,0,0,0
20250310_110216,2.535,0.041,0,0,0,0,0,0,0,0,0,0,0
20250310_110216,2.556,0.041,0,0,0,0,0,0,0,0,0,0,0
20250310_110216,2.576,0.041,0,0,0,0,0,0,0,0,0,0,0
20250310_110216,2.596,0.040,0,0,0,0,0,0,0,0,0,0,0
20250310_110216,2.616,0.040,0,0,0,0,0,0,0,0,0,0,0
20250310_110216,2.636,0.040,0,0,0,0,0,0,0,0,0,0,0
20250310_110216,2.656,0.040,0,0,0,0,0,0,0,0,0,0,0
20250310_110216,2.676,0.040,0,0,0,0,0,0,0,0,0,0,0
20250310_110216,2.696,0.040,0,0,0,0,0,0,0,0,0,0,0
20250310_110216,2.716,0.039,0,0,0,0,0,0,0,0,0,0,0
20250310_110216,2.736,0.039,0,0,0,0,0,0,0,0,0,0,0
20250310_110216,2.756,0.039,0,0,0,0,0,0,0,0,0,0,0
20250310_110216,2.777,0.039,0,0,0,0,0,0,0,0,0,0,0
20250310_110216,2.797,0.039,0,0,0,0,0,0,0,0,0,0,0
20250310_110216,2.817,0.039,0,0,0,0,0,0,0,0,0,0,0
20250310_110216,2.837,0.039,0,0,0,0,0,0,0,0,0,0,0
20250310_110216,2.857,0.038,0,0,0,0,0,0,0,0,0,0,0
20250310_110216,2.877,0.038,0,0,0,0,0,0,0,0,0,0,0
20250310_110216,2.897,0.038,0,0,0,0,0,0,0,0,0,0,0
20250310_110216,2.917,0.038,0,0,0,0,0,0,0,0,0,0,0
20250310_110216,2.937,0.038,0,0,0,0,0,0,0,0,0,0,0
20250310_110216,2.957,0.038,0,0,0,0,0,0,0,0,0,0,0
20250310_110216,2.978,0.037,0,0,0,0,0,0,0,0,0,0,0
20250310_110216,2.998,0.037,0,0,0,0,0,0,0,0,0,0,0
20250310_110216,3.018,0.037,0,0,0,0,0,0,0,0,0,0,0
20250310_110216,3.038,0.037,0,0,0,0,0,0,0,0,0,0,0
20250310_110216,3.058,0.037,0,0,0,0,0,0,0,0,0,0,0
20250310_110216,3.078,0.037,0,0,0,0,0,0,0,0,0,0,0
20250310_110216,3.098,0.037,0,0,0,0,0,0,0,0,0,0,0
20250310_110216,3.118,0.036,0,0,0,0,0,0,0,0,0,0,0
20250310_110216,3.138,0.036,0,0,0,0,0,0,0,0,0,0,0
20250310_110216,3.158,0.036,0,0,0,0,0,0,0,0,0,0,0
20250310_110216,3.178,0.036,0,0,0,0,0,0,0,0,0,0,0
20250310_110216,3.199,0.036,0,0,0,0,0,0,0,0,0,0,0
20250310_110216,3.219,0.036,0,0,0,0,0,0,0,0,0,0,0
20250310_110216,3.239,0.035,0,0,0,0,0,0,0,0,0,0,0
20250310_110216,3.259,0.035,0,0,0,0,0,0,0,0,0,0,0
20250310_110216,3.279,0.035,0,0,0,0,0,0,0,0,0,0,0
20250310_110216,3.259,0.035,0,0,0,0,0,0,0,0,8,5,0
20250310_110216,3.238,0.035,0,0,0,0,0,0,0,0,8,5,0
20250310_110216,3.218,0.034,0,0,0,0,0,0,0,0,8,5,0
20250310_110216,3.197,0.034,0,0,0,0,0,0,0,0,8,5,0
20250310_110216,3.177,0.034,0,0,0,0,0,0,0,0,8,5,0
20250310_110216,3.157,0.034,0,0,0,0,0,0,0,0,8,5,0
20250310_110216,3.136,0.034,0,0,0,0,0,0,0,0,8,5,0
20250310_110216,3.116,0.033,0,0,0,0,0,0,0,0,8,5,0
20250310_110216,3.096,0.033,0,0,0,0,0,0,0,0,8,5,0
20250310_110216,3.075,0.033,0,0,0,0,0,0,0,0,8,5,0
20250310_110216,3.055,0.033,0,0,0,0,0,0,0,0,8,5,0
20250310_110216,3.034,0.033,0,0,0,0,0,0,0,0,8,5,0
20250310_110216,3.014,0.032,0,0,0,0,0,0,0,0,8,5,0
20250310_110216,2.994,0.032,0,0,0,0,0,0,0,0,8,5,0
20250310_110216,2.973,0.032,0,0,0,0,0,0,0,0,8,5,0
20250310_110216,2.953,0.032,0,0,0,0,0,0,0,0,8,5,0
20250310_110216,2.933,0.032,0,0,0,0,0,0,0,0,8,5,0
20250310_110216,2.912,0.031,0,0,0,0,0,0,0,0,8,5,0
20250310_110216,2.892,0.031,0,0,0,0,0,0,0,0,8,5,0
20250310_110216,2.871,0.031,0,0,0,0,0,0,0,0,8,5,0
20250310_110216,2.851,0.031,0,0,0,0,0,0,0,0,8,5,0
20250310_110216,2.831,0.031,0,0,0,0,0,0,0,0,8,5,0
20250310_110216,2.810,0.027,0,0,0,0,0,0,0,0,8,5,0
20250310_110216,2.789,0.024,0,0,0,0,0,0,0,0,8,5,0
20250310_110216,2.769,0.021,0,0,0,0,0,0,0,0,8,5,0
20250310_110216,2.748,0.017,0,0,0,0,0,0,0,0,8,5,0
20250310_110216,2.723,0.004,0,0,0,0,0,0,0,0,8,5,0
20250310_110216,2.697,-0.009,0,0,0,0,0,0,0,0,8,5,0
20250310_110216,2.671,-0.022,0,0,0,0,0,0,0,0,8,5,0
20250310_110216,2.649,-0.043,0,0,0,0,0,0,0,0,8,5,0
20250310_110216,2.627,-0.064,0,0,0,0,0,0,0,0,8,5,0
20250310_110216,2.605,-0.085,0,0,0,0,0,0,0,0,8,5,0
20250310_110216,2.593,-0.106,0,0,0,0,0,0,0,0,8,5,0
20250310_110216,2.580,-0.126,0,0,0,0,0,0,0,0,8,5,0
20250310_110216,2.567,-0.146,0,0,0,0,0,0,0,0,8,5,0
20250310_110216,2.555,-0.167,0,0,0,0,0,0,0,0,8,5,0
20250310_110216,2.547,-0.191,0,0,0,0,0,0,0,0,8,5,0
20250310_110216,2.539,-0.215,0,0,0,0,0,0,0,0,8,5,0
20250310_110216,2.531,-0.238,0,0,0,0,0,0,0,0,8,5,0
20250310_110216,2.523,-0.262,0,0,0,0,0,0,0,0,8,5,0
20250310_110216,2.521,-0.283,0,0,0,0,0,0,0,0,8,5,0
20250310_110216,2.519,-0.303,0,0,0,0,0,0,0,0,8,5,0
20250310_110216,2.516,-0.324,0,0,0,0,0,0,0,0,8,5,0
20250310_110216,2.514,-0.344,0,0,0,0,0,0,0,0,8,5,0
20250310_110216,2.512,-0.365,0,0,0,0,0,0,0,0,8,5,0
20250310_110216,2.512,-0.385,0,0,0,0,0,0,0,0,0,5,0
20250310_110216,2.512,-0.405,0,0,0,0,0,0,0,0,0,5,0
20250310_110216,2.512,-0.425,0,0,0,0,0,0,0,0,0,5,0
20250310_110216,2.513,-0.446,0,0,0,0,0,0,0,0,0,5,0
20250310_110216,2.513,-0.466,0,0,0,0,0,0,0,0,0,5,0
20250310_110216,2.513,-0.486,0,0,0,0,0,0,0,0,0,5,0
20250310_110216,2.513,-0.506,0,0,0,0,0,0,0,0,0,5,0
20250310_110216,2.513,-0.527,0,0,0,0,0,0,0,0,0,5,0
20250310_110216,2.513,-0.547,0,0,0,0,0,0,0,0,0,5,0
20250310_110216,2.513,-0.567,0,0,0,0,0,0,0,0,0,5,0
20250310_110216,2.513,-0.588,0,0,0,0,0,0,0,0,0,5,0
20250310_110216,2.513,-0.608,0,0,0,0,0,0,0,0,0,5,0
20250310_110216,2.513,-0.628,0,0,0,0,0,0,0,0,0,5,0
20250310_110216,2.514,-0.648,0,0,0,0,0,0,0,0,0,5,0
