20250312_122040,2.570,-0.669,0,0,0,0,0,0,0,0,8,0,0
20250312_122040,2.570,-0.648,0,0,0,0,0,0,0,0,8,0,0
20250312_122040,2.570,-0.627,0,0,0,0,0,0,0,0,8,0,0
20250312_122040,2.570,-0.606,0,0,0,0,0,0,0,0,8,0,0
20250312_122040,2.570,-0.585,0,0,0,0,0,0,0,0,8,0,0
20250312_122040,2.571,-0.564,0,0,0,0,0,0,0,0,8,0,0
20250312_122040,2.571,-0.543,0,0,0,0,0,0,0,0,8,0,0
20250312_122040,2.571,-0.522,0,0,0,0,0,0,0,0,8,0,0
20250312_122040,2.571,-0.501,0,0,0,0,0,0,0,0,8,0,0
20250312_122040,2.571,-0.481,0,0,0,0,0,0,0,0,8,0,0
20250312_122040,2.571,-0.460,0,0,0,0,0,0,0,0,8,0,0
20250312_122040,2.571,-0.439,0,0,0,0,0,0,0,0,8,0,0
20250312_122040,2.580,-0.414,0,0,0,0,0,0,0,0,8,0,0
20250312_122040,2.589,-0.389,0,0,0,0,0,0,0,0,8,0,0
20250312_122040,2.598,-0.365,0,0,0,0,0,0,0,0,8,0,0
20250312_122040,2.607,-0.340,0,0,0,0,0,0,0,0,8,0,0
20250312_122040,2.625,-0.315,0,0,0,0,0,0,0,0,8,0,0
20250312_122040,2.642,-0.291,0,0,0,0,0,0,0,0,8,0,0
20250312_122040,2.660,-0.266,0,0,0,0,0,0,0,0,8,0,0
20250312_122040,2.678,-0.242,0,0,0,0,0,0,0,0,8,0,0
20250312_122040,2.696,-0.218,0,0,0,0,0,0,0,0,8,0,0
20250312_122040,2.714,-0.195,0,0,0,0,0,0,0,0,8,0,0
20250312_122040,2.734,-0.176,0,0,0,0,0,0,0,0,8,0,0
20250312_122040,2.754,-0.158,0,0,0,0,0,0,0,0,8,0,0
20250312_122040,2.775,-0.140,0,0,0,0,0,0,0,0,8,0,0
20250312_122040,2.797,-0.127,0,0,0,0,0,0,0,0,8,0,0
20250312_122040,2.818,-0.114,0,0,0,0,0,0,0,0,8,0,0
20250312_122040,2.840,-0.100,0,0,0,0,0,0,0,0,8,0,0
20250312_122040,2.865,-0.089,0,0,0,0,0,0,0,0,8,0,0
20250312_122040,2.890,-0.078,0,0,0,0,0,0,0,0,8,0,0
20250312_122040,2.915,-0.068,0,0,0,0,0,0,0,0,8,0,0
20250312_122040,2.939,-0.064,0,0,0,0,0,0,0,0,8,0,0
20250312_122040,2.962,-0.060,0,0,0,0,0,0,0,0,8,0,0
20250312_122040,2.986,-0.057,0,0,0,0,0,0,0,0,8,0,0
20250312_122040,3.010,-0.053,0,0,0,0,0,0,0,0,8,0,0
20250312_122040,3.031,-0.054,0,0,0,0,0,0,0,0,8,0,0
20250312_122040,3.052,-0.054,0,0,0,0,0,0,0,0,8,0,0
20250312_122040,3.073,-0.055,0,0,0,0,0,0,0,0,8,0,0
20250312_122040,3.094,-0.055,0,0,0,0,0,0,0,0,8,0,0
20250312_122040,3.115,-0.056,0,0,0,0,0,0,0,0,8,0,0
20250312_122040,3.136,-0.056,0,0,0,0,0,0,0,0,8,0,0
20250312_122040,3.157,-0.057,0,0,0,0,0,0,0,0,8,0,0
20250312_122040,3.178,-0.057,0,0,0,0,0,0,0,0,8,0,0
20250312_122040,3.199,-0.058,0,0,0,0,0,0,0,0,8,0,0
20250312_122040,3.220,-0.058,0,0,0,0,0,0,0,0,8,0,0
20250312_122040,3.241,-0.059,0,0,0,0,0,0,0,0,8,0,0
20250312_122040,3.262,-0.060,0,0,0,0,0,0,0,0,8,0,0
20250312_122040,3.283,-0.060,0,0,0,0,0,0,0,0,8,0,0
20250312_122040,3.304,-0.061,0,0,0,0,0,0,0,0,8,0,0
20250312_122040,3.326,-0.060,0,0,0,0,0,0,0,0,8,0,0
20250312_122040,3.347,-0.060,0,0,0,0,0,0,0,0,8,0,0
20250312_122040,3.369,-0.060,0,0,0,0,0,0,0,0,8,0,0
20250312_122040,3.390,-0.060,0,0,0,0,0,0,0,0,8,0,0
20250312_122040,3.411,-0.060,0,0,0,0,0,0,0,0,8,0,0
20250312_122040,3.433,-0.060,0,0,0,0,0,0,0,0,8,0,0
20250312_122040,3.456,-0.067,0,0,0,0,0,0,0,0,8,0,0
20250312_122040,3.479,-0.075,0,0,0,0,0,0,0,0,8,0,0
20250312_122040,3.503,-0.083,0,0,0,0,0,0,0,0,8,0,0
20250312_122040,3.526,-0.090,0,0,0,0,0,0,0,0,8,0,0
20250312_122040,3.552,-0.104,0,0,0,0,0,0,0,0,8,0,0
20250312_122040,3.579,-0.118,0,0,0,0,0,0,0,0,8,0,0
20250312_122040,3.606,-0.132,0,0,0,0,0,0,0,0,8,0,0
20250312_122040,3.626,-0.148,0,0,0,0,0,0,0,0,8,0,0
20250312_122040,3.647,-0.165,0,0,0,0,0,0,0,0,8,0,0
20250312_122040,3.667,-0.181,0,0,0,0,0,0,0,0,8,0,0
20250312_122040,3.680,-0.206,0,0,0,0,0,0,0,0,8,0,0
20250312_122040,3.693,-0.232,0,0,0,0,0,0,0,0,8,0,0
20250312_122040,3.705,-0.257,0,0,0,0,0,0,0,0,8,0,0
20250312_122040,3.714,-0.280,0,0,0,0,0,0,0,0,8,0,0
20250312_122040,3.722,-0.303,0,0,0,0,0,0,0,0,8,0,0
20250312_122040,3.730,-0.326,0,0,0,0,0,0,0,0,8,0,0
20250312_122040,3.739,-0.350,0,0,0,0,0,0,0,0,8,0,0
20250312_122040,3.739,-0.370,0,0,0,0,0,0,0,0,8,0,0
20250312_122040,3.740,-0.391,0,0,0,0,0,0,0,0,8,0,0
20250312_122040,3.740,-0.412,0,0,0,0,0,0,0,0,8,0,0
20250312_122040,3.741,-0.432,0,0,0,0,0,0,0,0,8,0,0
20250312_122040,3.741,-0.453,0,0,0,0,0,0,0,0,8,0,0
20250312_122040,3.742,-0.474,0,0,0,0,0,0,0,0,8,0,0
20250312_122040,3.742,-0.495,0,0,0,0,0,0,0,0,8,0,0
20250312_122040,3.743,-0.515,0,0,0,0,0,0,0,0,8,0,0
20250312_122040,3.743,-0.536,0,0,0,0,0,0,0,0,8,0,0
20250312_122040,3.744,-0.557,0,0,0,0,0,0,0,0,8,0,0
20250312_122040,3.744,-0.577,0,0,0,0,0,0,0,0,8,0,0
20250312_122040,3.745,-0.598,0,0,0,0,0,0,0,0,8,0,0
20250312_122040,3.745,-0.619,0,0,0,0,0,0,0,0,8,0,0
20250312_122040,3.746,-0.640,0,0,0,0,0,0,0,0,8,0,0
20250312_122040,3.746,-0.660,0,0,0,0,0,0,0,0,8,0,0
20250312_122040,3.747,-0.681,0,0,0,0,0,0,0,0,8,0,0
20250312_122040,3.748,-0.702,0,0,0,0,0,0,0,0,8,0,0
20250312_122040,3.748,-0.723,0,0,0,0,0,0,0,0,8,0,0
20250312_122040,3.749,-0.743,0,0,0,0,0,0,0,0,8,0,0
20250312_122040,3.747,-0.766,0,0,0,0,0,0,0,0,8,0,0
20250312_122040,3.746,-0.788,0,0,0,0,0,0,0,0,8,0,0
20250312_122040,3.744,-0.811,0,0,0,0,0,0,0,0,8,0,0
20250312_122040,3.742,-0.834,0,0,0,0,0,0,0,0,8,0,0
20250312_122040,3.741,-0.856,0,0,0,0,0,0,0,0,8,0,0
20250312_122040,3.738,-0.879,0,0,0,0,0,0,0,0,8,0,0
20250312_122040,3.736,-0.902,0,0,0,0,0,0,0,0,8,0,0
20250312_122040,3.734,-0.926,0,0,0,0,0,0,0,0,8,0,0
20250312_122040,3.731,-0.949,0,0,0,0,0,0,0,0,8,0,0
20250312_122040,3.729,-0.972,0,0,0,0,0,0,0,0,8,0,0
20250312_122040,3.722,-0.994,0,0,0,0,0,0,0,0,8,0,0
20250312_122040,3.715,-1.016,0,0,0,0,0,0,0,0,8,0,0
20250312_122040,3.708,-1.039,0,0,0,0,0,0,0,0,8,0,0
20250312_122040,3.701,-1.061,0,0,0,0,0,0,0,0,8,0,0
20250312_122040,3.695,-1.083,0,0,0,0,0,0,0,0,8,0,0
20250312_122040,3.673,-1.102,0,0,0,0,0,0,0,0,8,0,0
20250312_122040,3.651,-1.121,0,0,0,0,0,0,0,0,8,0,0
20250312_122040,3.629,-1.140,0,0,0,0,0,0,0,0,8,0,0
20250312_122040,3.608,-1.159,0,0,0,0,0,0,0,0,8,0,0
20250312_122040,3.585,-1.169,0,0,0,0,0,0,0,0,8,0,0
20250312_122040,3.562,-1.178,0,0,0,0,0,0,0,0,8,0,0
20250312_122040,3.539,-1.188,0,0,0,0,0,0,0,0,8,0,0
20250312_122040,3.516,-1.197,0,0,0,0,0,0,0,0,8,0,0
20250312_122040,3.493,-1.206,0,0,0,0,0,0,0,0,8,0,0
20250312_122040,3.473,-1.209,0,0,0,0,0,0,0,0,8,0,0
20250312_122040,3.452,-1.212,0,0,0,0,0,0,0,0,8,0,0
20250312_122040,3.432,-1.214,0,0,0,0,0,0,0,0,8,0,0
20250312_122040,3.412,-1.217,0,0,0,0,0,0,0,0,8,0,0
20250312_122040,3.392,-1.220,0,0,0,0,0,0,0,0,8,0,0
20250312_122040,3.372,-1.223,0,0,0,0,0,0,0,0,8,0,0
20250312_122040,3.352,-1.225,0,0,0,0,0,0,0,0,8,0,0
20250312_122040,3.331,-1.225,0,0,0,0,0,0,0,0,0,0,0
20250312_122040,3.311,-1.225,0,0,0,0,0,0,0,0,0,0,0
20250312_122040,3.291,-1.224,0,0,0,0,0,0,0,0,0,0,0
20250312_122040,3.270,-1.224,0,0,0,0,0,0,0,0,0,0,0
20250312_122040,3.250,-1.224,0,0,0,0,0,0,0,0,0,0,0
20250312_122040,3.230,-1.224,0,0,0,0,0,0,0,0,0,0,0
20250312_122040,3.209,-1.223,0,0,0,0,0,0,0,0,0,0,0
20250312_122040,3.189,-1.223,0,0,0,0,0,0,0,0,0,0,0
20250312_122040,3.169,-1.223,0,0,0,0,0,0,0,0,0,0,0
20250312_122040,3.148,-1.222,0,0,0,0,0,0,0,0,0,0,0
20250312_122040,3.128,-1.222,0,0,0,0,0,0,0,0,0,0,0
20250312_122040,3.108,-1.222,0,0,0,0,0,0,0,0,0,0,0
20250312_122040,3.087,-1.221,0,0,0,0,0,0,0,0,0,0,0
20250312_122040,3.067,-1.221,0,0,0,0,0,0,0,0,0,0,0
20250312_122040,3.047,-1.221,0,0,0,0,0,0,0,0,0,0,0
20250312_122040,3.026,-1.220,0,0,0,0,0,0,0,0,0,0,0
20250312_122040,3.006,-1.220,0,0,0,0,0,0,0,0,0,0,0
20250312_122040,2.986,-1.220,0,0,0,0,0,0,0,0,0,0,0
20250312_122040,2.966,-1.220,0,0,0,0,0,0,0,0,0,0,0
20250312_122040,2.945,-1.219,0,0,0,0,0,0,0,0,0,0,0
20250312_122040,2.925,-1.219,0,0,0,0,0,0,0,0,0,0,0
20250312_122040,2.905,-1.219,0,0,0,0,0,0,0,0,0,0,0
20250312_122040,2.884,-1.218,0,0,0,0,0,0,0,0,0,0,0
20250312_122040,2.864,-1.218,0,0,0,0,0,0,0,0,0,0,0
20250312_122040,2.844,-1.218,0,0,0,0,0,0,0,0,0,0,0
20250312_122040,2.823,-1.217,0,0,0,0,0,0,0,0,0,0,0
20250312_122040,2.803,-1.217,0,0,0,0,0,0,0,0,0,0,0
20250312_122040,2.783,-1.217,0,0,0,0,0,0,0,0,0,0,0
20250312_122040,2.762,-1.217,0,0,0,0,0,0,0,0,0,0,0
20250312_122040,2.742,-1.216,0,0,0,0,0,0,0,0,0,0,0
20250312_122040,2.722,-1.216,0,0,0,0,0,0,0,0,0,0,0
20250312_122040,2.701,-1.216,0,0,0,0,0,0,0,0,0,0,0
20250312_122040,2.681,-1.215,0,0,0,0,0,0,0,0,0,0,0
20250312_122040,2.661,-1.215,0,0,0,0,0,0,0,0,0,0,0
20250312_122040,2.640,-1.215,0,0,0,0,0,0,0,0,0,0,0
20250312_122040,2.620,-1.214,0,0,0,0,0,0,0,0,0,0,0
20250312_122040,2.600,-1.214,0,0,0,0,0,0,0,0,0,0,0
20250312_122040,2.580,-1.214,0,0,0,0,0,0,0,0,0,0,0
20250312_122040,2.559,-1.213,0,0,0,0,0,0,0,0,0,0,0
20250312_122040,2.539,-1.213,0,0,0,0,0,0,0,0,0,0,0
20250312_122040,2.519,-1.213,0,0,0,0,0,0,0,0,0,0,0
20250312_122040,2.499,-1.212,0,0,0,0,0,0,0,0,0,0,0
20250312_122040,2.479,-1.212,0,0,0,0,0,0,0,0,0,0,0
20250312_122040,2.459,-1.211,0,0,0,0,0,0,0,0,0,0,0
20250312_122040,2.439,-1.211,0,0,0,0,0,0,0,0,0,0,0
20250312_122040,2.418,-1.211,0,0,0,0,0,0,0,0,0,0,0
20250312_122040,2.398,-1.210,0,0,0,0,0,0,0,0,0,0,0
20250312_122040,2.378,-1.210,0,0,0,0,0,0,0,0,0,0,0
20250312_122040,2.358,-1.209,0,0,0,0,0,0,0,0,0,0,0
20250312_122040,2.338,-1.209,0,0,0,0,0,0,0,0,0,0,0
20250312_122040,2.318,-1.209,0,0,0,0,0,0,0,0,0,0,0
20250312_122040,2.298,-1.208,0,0,0,0,0,0,0,0,0,0,0
20250312_122040,2.278,-1.208,0,0,0,0,0,0,0,0,0,0,0
20250312_122040,2.258,-1.207,0,0,0,0,0,0,0,0,0,0,0
20250312_122040,2.238,-1.207,0,0,0,0,0,0,0,0,0,0,0
20250312_122040,2.218,-1.207,0,0,0,0,0,0,0,0,0,0,0
20250312_122040,2.198,-1.206,0,0,0,0,0,0,0,0,0,0,0
20250312_122040,2.178,-1.206,0,0,0,0,0,0,0,0,0,0,0
20250312_122040,2.157,-1.205,0,0,0,0,0,0,0,0,0,0,0
20250312_122040,2.137,-1.205,0,0,0,0,0,0,0,0,0,0,0
20250312_122040,2.117,-1.205,0,0,0,0,0,0,0,0,0,0,0
20250312_122040,2.097,-1.204,0,0,0,0,0,0,0,0,0,0,0
20250312_122040,2.077,-1.204,0,0,0,0,0,0,0,0,0,0,0
20250312_122040,2.057,-1.203,0,0,0,0,0,0,0,0,0,0,0
20250312_122040,2.037,-1.203,0,0,0,0,0,0,0,0,0,0,0
20250312_122040,2.017,-1.202,0,0,0,0,0,0,0,0,0,0,0
20250312_122040,1.997,-1.202,0,0,0,0,0,0,0,0,0,0,0
20250312_122040,1.977,-1.202,0,0,0,0,0,0,0,0,0,0,0
20250312_122040,1.957,-1.201,0,0,0,0,0,0,0,0,0,0,0
20250312_122040,1.937,-1.201,0,0,0,0,0,0,0,0,0,0,0
20250312_122040,1.917,-1.200,0,0,0,0,0,0,0,0,0,0,0
20250312_122040,1.896,-1.200,0,0,0,0,0,0,0,0,0,0,0
20250312_122040,1.876,-1.200,0,0,0,0,0,0,0,0,0,0,0
20250312_122040,1.856,-1.199,0,0,0,0,0,0,0,0,0,0,0
20250312_122040,1.836,-1.199,0,0,0,0,0,0,0,0,0,0,0
20250312_122040,1.816,-1.198,0,0,0,0,0,0,0,0,0,0,0
20250312_122040,1.796,-1.198,0,0,0,0,0,0,0,0,0,0,0
20250312_122040,1.776,-1.198,0,0,0,0,0,0,0,0,0,0,0
20250312_122040,1.756,-1.197,0,0,0,0,0,0,0,0,0,0,0
20250312_122040,1.736,-1.197,0,0,0,0,0,0,0,0,0,0,0
20250312_122040,1.716,-1.196,0,0,0,0,0,0,0,0,0,0,0
20250312_122040,1.696,-1.196,0,0,0,0,0,0,0,0,0,0,0
20250312_122040,1.676,-1.196,0,0,0,0,0,0,0,0,0,0,0
20250312_122040,1.656,-1.195,0,0,0,0,0,0,0,0,0,0,0
20250312_122040,1.635,-1.195,0,0,0,0,0,0,0,0,0,0,0
20250312_122040,1.615,-1.194,0,0,0,0,0,0,0,0,0,0,0
20250312_122040,1.595,-1.194,0,0,0,0,0,0,0,0,0,0,0
20250312_122040,1.575,-1.194,0,0,0,0,0,0,0,0,0,0,0
20250312_122040,1.555,-1.193,0,0,0,0,0,0,0,0,0,0,0
20250312_122040,1.535,-1.193,0,0,0,0,0,0,0,0,0,0,0
20250312_122040,1.515,-1.192,0,0,0,0,0,0,0,0,0,0,0
20250312_122040,1.495,-1.192,0,0,0,0,0,0,0,0,0,0,0
20250312_122040,1.475,-1.191,0,0,0,0,0,0,0,0,0,0,0
20250312_122040,1.455,-1.191,0,0,0,0,0,0,0,0,0,0,0
20250312_122040,1.435,-1.191,0,0,0,0,0,0,0,0,0,0,0
20250312_122040,1.415,-1.190,0,0,0,0,0,0,0,0,0,0,0
20250312_122040,1.394,-1.190,0,0,0,0,0,0,0,0,0,0,0
20250312_122040,1.374,-1.189,0,0,0,0,0,0,0,0,0,0,0
20250312_122040,1.354,-1.189,0,0,0,0,0,0,0,0,0,0,0
20250312_122040,1.334,-1.189,0,0,0,0,0,0,0,0,0,0,0
20250312_122040,1.314,-1.188,0,0,0,0,0,0,0,0,0,0,0
20250312_122040,1.294,-1.188,0,0,0,0,0,0,0,0,0,0,0
20250312_122040,1.274,-1.187,0,0,0,0,0,0,0,0,0,0,0
20250312_122040,1.254,-1.187,0,0,0,0,0,0,0,0,0,0,0
20250312_122040,1.234,-1.187,0,0,0,0,0,0,0,0,0,0,0
20250312_122040,1.214,-1.186,0,0,0,0,0,0,0,0,0,0,0
20250312_122040,1.194,-1.186,0,0,0,0,0,0,0,0,0,0,0
20250312_122040,1.173,-1.186,0,0,0,0,0,0,0,0,0,0,0
20250312_122040,1.153,-1.186,0,0,0,0,0,0,0,0,0,0,0
20250312_122040,1.133,-1.186,0,0,0,0,0,0,0,0,0,0,0
20250312_122040,1.112,-1.185,0,0,0,0,0,0,0,0,0,0,0
20250312_122040,1.092,-1.185,0,0,0,0,0,0,0,0,0,0,0
20250312_122040,1.071,-1.185,0,0,0,0,0,0,0,0,0,0,0
20250312_122040,1.051,-1.185,0,0,0,0,0,0,0,0,0,0,0
20250312_122040,1.031,-1.185,0,0,0,0,0,0,0,0,0,0,0
20250312_122040,1.010,-1.185,0,0,0,0,0,0,0,0,0,0,0
20250312_122040,0.990,-1.185,0,0,0,0,0,0,0,0,0,0,0
20250312_122040,0.969,-1.185,0,0,0,0,0,0,0,0,0,0,0
20250312_122040,0.949,-1.185,0,0,0,0,0,0,0,0,0,0,0
20250312_122040,0.929,-1.185,0,0,0,0,0,0,0,0,0,0,0
20250312_122040,0.908,-1.185,0,0,0,0,0,0,0,0,0,0,0
20250312_122040,0.888,-1.185,0,0,0,0,0,0,0,0,0,0,0
20250312_122040,0.868,-1.185,0,0,0,0,0,0,0,0,0,0,0
20250312_122040,0.847,-1.185,0,0,0,0,0,0,0,0,0,0,0
20250312_122040,0.827,-1.185,0,0,0,0,0,0,0,0,0,0,0
20250312_122040,0.806,-1.185,0,0,0,0,0,0,0,0,0,0,0
20250312_122040,0.786,-1.184,0,0,0,0,0,0,0,0,0,0,0
20250312_122040,0.766,-1.184,0,0,0,0,0,0,0,0,0,0,0
20250312_122040,0.745,-1.184,0,0,0,0,0,0,0,0,0,0,0
20250312_122040,0.725,-1.184,0,0,0,0,0,0,0,0,0,0,0
20250312_122040,0.704,-1.184,0,0,0,0,0,0,0,0,0,0,0
20250312_122040,0.684,-1.184,0,0,0,0,0,0,0,0,0,0,0
20250312_122040,0.664,-1.184,0,0,0,0,0,0,0,0,0,0,0
20250312_122040,0.643,-1.184,0,0,0,0,0,0,0,0,0,0,0
20250312_122040,0.623,-1.184,0,0,0,0,0,0,0,0,0,0,0
20250312_122040,0.602,-1.184,0,0,0,0,0,0,0,0,0,0,0
20250312_122040,0.582,-1.184,0,0,0,0,0,0,0,0,0,0,0
20250312_122040,0.562,-1.184,0,0,0,0,0,0,0,0,0,0,0
20250312_122040,0.541,-1.184,0,0,0,0,0,0,0,0,0,0,0
20250312_122040,0.521,-1.184,0,0,0,0,0,0,0,0,0,0,0
20250312_122040,0.501,-1.184,0,0,0,0,0,0,0,0,0,0,0
20250312_122040,0.480,-1.184,0,0,0,0,0,0,0,0,0,0,0
20250312_122040,0.460,-1.184,0,0,0,0,0,0,0,0,0,0,0
20250312_122040,0.439,-1.183,0,0,0,0,0,0,0,0,0,0,0
20250312_122040,0.419,-1.183,0,0,0,0,0,0,0,0,0,0,0
20250312_122040,0.398,-1.181,0,0,0,0,0,0,0,0,8,0,0
20250312_122040,0.376,-1.179,0,0,0,0,0,0,0,0,8,0,0
20250312_122040,0.355,-1.177,0,0,0,0,0,0,0,0,8,0,0
20250312_122040,0.334,-1.175,0,0,0,0,0,0,0,0,8,0,0
20250312_122040,0.313,-1.173,0,0,0,0,0,0,0,0,8,0,0
20250312_122040,0.291,-1.171,0,0,0,0,0,0,0,0,8,0,0
20250312_122040,0.270,-1.169,0,0,0,0,0,0,0,0,8,0,0
20250312_122040,0.249,-1.167,0,0,0,0,0,0,0,0,8,0,0
20250312_122040,0.228,-1.165,0,0,0,0,0,0,0,0,8,0,0
20250312_122040,0.206,-1.163,0,0,0,0,0,0,0,0,8,0,0
20250312_122040,0.186,-1.159,0,0,0,0,0,0,0,0,8,0,0
20250312_122040,0.166,-1.155,0,0,0,0,0,0,0,0,8,0,0
20250312_122040,0.146,-1.152,0,0,0,0,0,0,0,0,8,0,0
20250312_122040,0.126,-1.148,0,0,0,0,0,0,0,0,8,0,0
20250312_122040,0.106,-1.144,0,0,0,0,0,0,0,0,8,0,0
20250312_122040,0.086,-1.140,0,0,0,0,0,0,0,0,8,0,0
20250312_122040,0.063,-1.124,0,0,0,0,0,0,0,0,8,0,0
20250312_122040,0.040,-1.108,0,0,0,0,0,0,0,0,8,0,0
20250312_122040,0.018,-1.092,0,0,0,0,0,0,0,0,8,0,0
20250312_122040,-0.005,-1.076,0,0,0,0,0,0,0,0,8,0,0
20250312_122040,-0.018,-1.051,0,0,0,0,0,0,0,0,8,0,0
20250312_122040,-0.031,-1.027,0,0,0,0,0,0,0,0,8,0,0
20250312_122040,-0.044,-1.003,0,0,0,0,0,0,0,0,8,0,0
20250312_122040,-0.057,-0.979,0,0,0,0,0,0,0,0,8,0,0
20250312_122040,-0.060,-0.959,0,0,0,0,0,0,0,0,8,0,0
20250312_122040,-0.062,-0.938,0,0,0,0,0,0,0,0,8,0,0
20250312_122040,-0.065,-0.918,0,0,0,0,0,0,0,0,8,0,0
20250312_122040,-0.067,-0.898,0,0,0,0,0,0,0,0,8,0,0
20250312_122040,-0.070,-0.878,0,0,0,0,0,0,0,0,8,0,0
20250312_122040,-0.073,-0.858,0,0,0,0,0,0,0,0,8,0,0
20250312_122040,-0.072,-0.837,0,0,0,0,0,0,0,0,8,0,0
20250312_122040,-0.071,-0.816,0,0,0,0,0,0,0,0,8,0,0
20250312_122040,-0.071,-0.795,0,0,0,0,0,0,0,0,8,0,0
20250312_122040,-0.070,-0.774,0,0,0,0,0,0,0,0,8,0,0
20250312_122040,-0.070,-0.753,0,0,0,0,0,0,0,0,8,0,0
20250312_122040,-0.069,-0.733,0,0,0,0,0,0,0,0,8,0,0
20250312_122040,-0.069,-0.712,0,0,0,0,0,0,0,0,8,0,0
20250312_122040,-0.069,-0.692,0,0,0,0,0,0,0,0,8,0,0
20250312_122040,-0.069,-0.672,0,0,0,0,0,0,0,0,8,0,0
20250312_122040,-0.069,-0.652,0,0,0,0,0,0,0,0,8,0,0
20250312_122040,-0.069,-0.632,0,0,0,0,0,0,0,0,8,0,0
20250312_122040,-0.069,-0.611,0,0,0,0,0,0,0,0,8,0,0
20250312_122040,-0.069,-0.591,0,0,0,0,0,0,0,0,8,0,0
20250312_122040,-0.069,-0.571,0,0,0,0,0,0,0,0,8,0,0
20250312_122040,-0.069,-0.551,0,0,0,0,0,0,0,0,8,0,0
20250312_122040,-0.068,-0.531,0,0,0,0,0,0,0,0,8,0,0
20250312_122040,-0.068,-0.510,0,0,0,0,0,0,0,0,8,0,0
20250312_122040,-0.068,-0.490,0,0,0,0,0,0,0,0,8,0,0
20250312_122040,-0.068,-0.470,0,0,0,0,0,0,0,0,8,0,0
20250312_122040,-0.068,-0.450,0,0,0,0,0,0,0,0,8,0,0
20250312_122040,-0.068,-0.429,0,0,0,0,0,0,0,0,8,0,0
20250312_122040,-0.068,-0.409,0,0,0,0,0,0,0,0,8,0,0
20250312_122040,-0.068,-0.389,0,0,0,0,0,0,0,0,8,0,0
20250312_122040,-0.068,-0.369,0,0,0,0,0,0,0,0,8,0,0
20250312_122040,-0.060,-0.345,0,0,0,0,0,0,0,0,8,0,0
20250312_122040,-0.053,-0.322,0,0,0,0,0,0,0,0,8,0,0
20250312_122040,-0.045,-0.299,0,0,0,0,0,0,0,0,8,0,0
20250312_122040,-0.037,-0.275,0,0,0,0,0,0,0,0,8,0,0
20250312_122040,-0.030,-0.252,0,0,0,0,0,0,0,0,8,0,0
20250312_122040,-0.019,-0.231,0,0,0,0,0,0,0,0,8,0,0
20250312_122040,-0.009,-0.209,0,0,0,0,0,0,0,0,8,0,0
20250312_122040,0.001,-0.188,0,0,0,0,0,0,0,0,8,0,0
20250312_122040,0.012,-0.167,0,0,0,0,0,0,0,0,8,0,0
20250312_122040,0.022,-0.146,0,0,0,0,0,0,0,0,8,0,0
20250312_122040,0.042,-0.129,0,0,0,0,0,0,0,0,8,0,0
20250312_122040,0.062,-0.112,0,0,0,0,0,0,0,0,8,0,0
20250312_122040,0.083,-0.094,0,0,0,0,0,0,0,0,8,0,0
20250312_122040,0.103,-0.077,0,0,0,0,0,0,0,0,8,0,0
20250312_122040,0.123,-0.068,0,0,0,0,0,0,0,0,8,0,0
20250312_122040,0.143,-0.060,0,0,0,0,0,0,0,0,8,0,0
20250312_122040,0.164,-0.051,0,0,0,0,0,0,0,0,8,0,0
20250312_122040,0.184,-0.042,0,0,0,0,0,0,0,0,8,0,0
20250312_122040,0.204,-0.033,0,0,0,0,0,0,0,0,8,0,0
20250312_122040,0.227,-0.032,0,0,0,0,0,0,0,0,8,0,0
20250312_122040,0.249,-0.030,0,0,0,0,0,0,0,0,8,0,0
20250312_122040,0.272,-0.028,0,0,0,0,0,0,0,0,8,0,0
20250312_122040,0.295,-0.027,0,0,0,0,0,0,0,0,8,0,0
20250312_122040,0.317,-0.025,0,0,0,0,0,0,0,0,8,0,0
20250312_122040,0.337,-0.025,0,0,0,0,0,0,0,0,0,0,0
20250312_122040,0.358,-0.025,0,0,0,0,0,0,0,0,0,0,0
20250312_122040,0.378,-0.026,0,0,0,0,0,0,0,0,0,0,0
20250312_122040,0.398,-0.026,0,0,0,0,0,0,0,0,0,0,0
20250312_122040,0.418,-0.026,0,0,0,0,0,0,0,0,0,0,0
20250312_122040,0.439,-0.026,0,0,0,0,0,0,0,0,0,0,0
20250312_122040,0.459,-0.027,0,0,0,0,0,0,0,0,0,0,0
20250312_122040,0.479,-0.027,0,0,0,0,0,0,0,0,0,0,0
20250312_122040,0.499,-0.027,0,0,0,0,0,0,0,0,0,0,0
20250312_122040,0.520,-0.027,0,0,0,0,0,0,0,0,0,0,0
20250312_122040,0.540,-0.027,0,0,0,0,0,0,0,0,0,0,0
20250312_122040,0.560,-0.028,0,0,0,0,0,0,0,0,0,0,0
20250312_122040,0.580,-0.028,0,0,0,0,0,0,0,0,0,0,0
20250312_122040,0.601,-0.028,0,0,0,0,0,0,0,0,0,0,0
20250312_122040,0.621,-0.028,0,0,0,0,0,0,0,0,0,0,0
20250312_122040,0.641,-0.029,0,0,0,0,0,0,0,0,0,0,0
20250312_122040,0.661,-0.029,0,0,0,0,0,0,0,0,0,0,0
20250312_122040,0.682,-0.029,0,0,0,0,0,0,0,0,0,0,0
20250312_122040,0.702,-0.029,0,0,0,0,0,0,0,0,0,0,0
20250312_122040,0.722,-0.030,0,0,0,0,0,0,0,0,0,0,0
20250312_122040,0.742,-0.030,0,0,0,0,0,0,0,0,0,0,0
20250312_122040,0.763,-0.030,0,0,0,0,0,0,0,0,0,0,0
20250312_122040,0.783,-0.030,0,0,0,0,0,0,0,0,0,0,0
20250312_122040,0.803,-0.031,0,0,0,0,0,0,0,0,0,0,0
20250312_122040,0.823,-0.031,0,0,0,0,0,0,0,0,0,0,0
20250312_122040,0.844,-0.031,0,0,0,0,0,0,0,0,0,0,0
20250312_122040,0.864,-0.031,0,0,0,0,0,0,0,0,0,0,0
20250312_122040,0.884,-0.032,0,0,0,0,0,0,0,0,0,0,0
20250312_122040,0.904,-0.032,0,0,0,0,0,0,0,0,0,0,0
20250312_122040,0.925,-0.032,0,0,0,0,0,0,0,0,0,0,0
20250312_122040,0.945,-0.032,0,0,0,0,0,0,0,0,0,0,0
20250312_122040,0.965,-0.033,0,0,0,0,0,0,0,0,0,0,0
20250312_122040,0.985,-0.033,0,0,0,0,0,0,0,0,0,0,0
20250312_122040,1.005,-0.033,0,0,0,0,0,0,0,0,0,0,0
20250312_122040,1.026,-0.033,0,0,0,0,0,0,0,0,0,0,0
20250312_122040,1.046,-0.033,0,0,0,0,0,0,0,0,0,0,0
20250312_122040,1.066,-0.034,0,0,0,0,0,0,0,0,0,0,0
20250312_122040,1.086,-0.034,0,0,0,0,0,0,0,0,0,0,0
20250312_122040,1.107,-0.034,0,0,0,0,0,0,0,0,0,0,0
20250312_122040,1.127,-0.034,0,0,0,0,0,0,0,0,0,0,0
20250312_122040,1.147,-0.035,0,0,0,0,0,0,0,0,0,0,0
20250312_122040,1.167,-0.035,0,0,0,0,0,0,0,0,0,0,0
20250312_122040,1.188,-0.035,0,0,0,0,0,0,0,0,0,0,0
20250312_122040,1.208,-0.035,0,0,0,0,0,0,0,0,0,0,0
20250312_122040,1.228,-0.036,0,0,0,0,0,0,0,0,0,0,0
20250312_122040,1.248,-0.036,0,0,0,0,0,0,0,0,0,0,0
20250312_122040,1.268,-0.036,0,0,0,0,0,0,0,0,0,0,0
20250312_122040,1.288,-0.037,0,0,0,0,0,0,0,0,0,0,0
20250312_122040,1.309,-0.037,0,0,0,0,0,0,0,0,0,0,0
20250312_122040,1.329,-0.037,0,0,0,0,0,0,0,0,0,0,0
20250312_122040,1.349,-0.037,0,0,0,0,0,0,0,0,0,0,0
20250312_122040,1.369,-0.038,0,0,0,0,0,0,0,0,0,0,0
20250312_122040,1.389,-0.038,0,0,0,0,0,0,0,0,0,0,0
20250312_122040,1.409,-0.038,0,0,0,0,0,0,0,0,0,0,0
20250312_122040,1.429,-0.039,0,0,0,0,0,0,0,0,0,0,0
20250312_122040,1.449,-0.039,0,0,0,0,0,0,0,0,0,0,0
20250312_122040,1.470,-0.039,0,0,0,0,0,0,0,0,0,0,0
20250312_122040,1.490,-0.039,0,0,0,0,0,0,0,0,0,0,0
20250312_122040,1.510,-0.040,0,0,0,0,0,0,0,0,0,0,0
20250312_122040,1.530,-0.040,0,0,0,0,0,0,0,0,0,0,0
20250312_122040,1.550,-0.040,0,0,0,0,0,0,0,0,0,0,0
20250312_122040,1.570,-0.041,0,0,0,0,0,0,0,0,0,0,0
20250312_122040,1.590,-0.041,0,0,0,0,0,0,0,0,0,0,0
20250312_122040,1.610,-0.041,0,0,0,0,0,0,0,0,0,0,0
20250312_122040,1.630,-0.041,0,0,0,0,0,0,0,0,0,0,0
20250312_122040,1.651,-0.042,0,0,0,0,0,0,0,0,0,0,0
20250312_122040,1.671,-0.042,0,0,0,0,0,0,0,0,0,0,0
20250312_122040,1.691,-0.042,0,0,0,0,0,0,0,0,0,0,0
20250312_122040,1.711,-0.043,0,0,0,0,0,0,0,0,0,0,0
20250312_122040,1.731,-0.043,0,0,0,0,0,0,0,0,0,0,0
20250312_122040,1.751,-0.043,0,0,0,0,0,0,0,0,0,0,0
20250312_122040,1.771,-0.044,0,0,0,0,0,0,0,0,0,0,0
20250312_122040,1.791,-0.044,0,0,0,0,0,0,0,0,0,0,0
20250312_122040,1.812,-0.044,0,0,0,0,0,0,0,0,0,0,0
20250312_122040,1.832,-0.044,0,0,0,0,0,0,0,0,0,0,0
20250312_122040,1.852,-0.045,0,0,0,0,0,0,0,0,0,0,0
20250312_122040,1.872,-0.045,0,0,0,0,0,0,0,0,0,0,0
20250312_122040,1.892,-0.045,0,0,0,0,0,0,0,0,0,0,0
20250312_122040,1.912,-0.046,0,0,0,0,0,0,0,0,0,0,0
20250312_122040,1.932,-0.046,0,0,0,0,0,0,0,0,0,0,0
20250312_122040,1.952,-0.046,0,0,0,0,0,0,0,0,0,0,0
20250312_122040,1.973,-0.046,0,0,0,0,0,0,0,0,0,0,0
20250312_122040,1.993,-0.047,0,0,0,0,0,0,0,0,0,0,0
20250312_122040,2.013,-0.047,0,0,0,0,0,0,0,0,0,0,0
20250312_122040,2.033,-0.047,0,0,0,0,0,0,0,0,0,0,0
20250312_122040,2.053,-0.048,0,0,0,0,0,0,0,0,0,0,0
20250312_122040,2.073,-0.048,0,0,0,0,0,0,0,0,0,0,0
20250312_122040,2.093,-0.048,0,0,0,0,0,0,0,0,0,0,0
20250312_122040,2.113,-0.048,0,0,0,0,0,0,0,0,0,0,0
20250312_122040,2.133,-0.049,0,0,0,0,0,0,0,0,0,0,0
20250312_122040,2.154,-0.049,0,0,0,0,0,0,0,0,0,0,0
20250312_122040,2.174,-0.049,0,0,0,0,0,0,0,0,0,0,0
20250312_122040,2.194,-0.050,0,0,0,0,0,0,0,0,0,0,0
20250312_122040,2.214,-0.050,0,0,0,0,0,0,0,0,0,0,0
20250312_122040,2.234,-0.050,0,0,0,0,0,0,0,0,0,0,0
20250312_122040,2.254,-0.050,0,0,0,0,0,0,0,0,0,0,0
20250312_122040,2.274,-0.051,0,0,0,0,0,0,0,0,0,0,0
20250312_122040,2.294,-0.051,0,0,0,0,0,0,0,0,0,0,0
20250312_122040,2.315,-0.051,0,0,0,0,0,0,0,0,0,0,0
20250312_122040,2.335,-0.052,0,0,0,0,0,0,0,0,0,0,0
20250312_122040,2.355,-0.052,0,0,0,0,0,0,0,0,0,0,0
20250312_122040,2.375,-0.052,0,0,0,0,0,0,0,0,0,0,0
20250312_122040,2.395,-0.053,0,0,0,0,0,0,0,0,0,0,0
20250312_122040,2.415,-0.053,0,0,0,0,0,0,0,0,0,0,0
20250312_122040,2.435,-0.053,0,0,0,0,0,0,0,0,0,0,0
20250312_122040,2.455,-0.053,0,0,0,0,0,0,0,0,0,0,0
20250312_122040,2.476,-0.054,0,0,0,0,0,0,0,0,0,0,0
20250312_122040,2.496,-0.054,0,0,0,0,0,0,0,0,0,0,0
20250312_122040,2.516,-0.054,0,0,0,0,0,0,0,0,0,0,0
20250312_122040,2.536,-0.055,0,0,0,0,0,0,0,0,0,0,0
20250312_122040,2.556,-0.055,0,0,0,0,0,0,0,0,0,0,0
20250312_122040,2.576,-0.055,0,0,0,0,0,0,0,0,0,0,0
20250312_122040,2.596,-0.055,0,0,0,0,0,0,0,0,0,0,0
20250312_122040,2.617,-0.055,0,0,0,0,0,0,0,0,0,0,0
20250312_122040,2.637,-0.055,0,0,0,0,0,0,0,0,0,0,0
20250312_122040,2.657,-0.056,0,0,0,0,0,0,0,0,0,0,0
20250312_122040,2.677,-0.056,0,0,0,0,0,0,0,0,0,0,0
20250312_122040,2.698,-0.056,0,0,0,0,0,0,0,0,0,0,0
20250312_122040,2.718,-0.056,0,0,0,0,0,0,0,0,0,0,0
20250312_122040,2.738,-0.056,0,0,0,0,0,0,0,0,0,0,0
20250312_122040,2.758,-0.056,0,0,0,0,0,0,0,0,0,0,0
20250312_122040,2.778,-0.057,0,0,0,0,0,0,0,0,0,0,0
20250312_122040,2.799,-0.057,0,0,0,0,0,0,0,0,0,0,0
20250312_122040,2.819,-0.057,0,0,0,0,0,0,0,0,0,0,0
20250312_122040,2.839,-0.057,0,0,0,0,0,0,0,0,0,0,0
20250312_122040,2.859,-0.057,0,0,0,0,0,0,0,0,0,0,0
20250312_122040,2.879,-0.057,0,0,0,0,0,0,0,0,0,0,0
20250312_122040,2.900,-0.057,0,0,0,0,0,0,0,0,0,0,0
20250312_122040,2.920,-0.058,0,0,0,0,0,0,0,0,0,0,0
20250312_122040,2.940,-0.058,0,0,0,0,0,0,0,0,0,0,0
20250312_122040,2.960,-0.058,0,0,0,0,0,0,0,0,0,0,0
20250312_122040,2.981,-0.058,0,0,0,0,0,0,0,0,0,0,0
20250312_122040,3.001,-0.058,0,0,0,0,0,0,0,0,0,0,0
20250312_122040,3.021,-0.058,0,0,0,0,0,0,0,0,0,0,0
20250312_122040,3.041,-0.059,0,0,0,0,0,0,0,0,0,0,0
20250312_122040,3.061,-0.059,0,0,0,0,0,0,0,0,0,0,0
20250312_122040,3.082,-0.059,0,0,0,0,0,0,0,0,0,0,0
20250312_122040,3.102,-0.059,0,0,0,0,0,0,0,0,0,0,0
20250312_122040,3.122,-0.059,0,0,0,0,0,0,0,0,0,0,0
20250312_122040,3.142,-0.059,0,0,0,0,0,0,0,0,0,0,0
20250312_122040,3.163,-0.059,0,0,0,0,0,0,0,0,0,0,0
20250312_122040,3.183,-0.060,0,0,0,0,0,0,0,0,0,0,0
20250312_122040,3.203,-0.060,0,0,0,0,0,0,0,0,0,0,0
20250312_122040,3.223,-0.060,0,0,0,0,0,0,0,0,0,0,0
20250312_122040,3.243,-0.060,0,0,0,0,0,0,0,0,0,0,0
20250312_122040,3.264,-0.060,0,0,0,0,0,0,0,0,0,0,0
20250312_122040,3.284,-0.060,0,0,0,0,0,0,0,0,0,0,0
20250312_122040,3.304,-0.061,0,0,0,0,0,0,0,0,0,0,0
20250312_122040,3.283,-0.060,0,0,0,0,0,0,0,0,8,5,0
20250312_122040,3.262,-0.060,0,0,0,0,0,0,0,0,8,5,0
20250312_122040,3.241,-0.059,0,0,0,0,0,0,0,0,8,5,0
20250312_122040,3.220,-0.058,0,0,0,0,0,0,0,0,8,5,0
20250312_122040,3.199,-0.058,0,0,0,0,0,0,0,0,8,5,0
20250312_122040,3.178,-0.057,0,0,0,0,0,0,0,0,8,5,0
20250312_122040,3.157,-0.057,0,0,0,0,0,0,0,0,8,5,0
20250312_122040,3.136,-0.056,0,0,0,0,0,0,0,0,8,5,0
20250312_122040,3.115,-0.056,0,0,0,0,0,0,0,0,8,5,0
20250312_122040,3.094,-0.055,0,0,0,0,0,0,0,0,8,5,0
20250312_122040,3.073,-0.055,0,0,0,0,0,0,0,0,8,5,0
20250312_122040,3.052,-0.054,0,0,0,0,0,0,0,0,8,5,0
20250312_122040,3.031,-0.054,0,0,0,0,0,0,0,0,8,5,0
20250312_122040,3.010,-0.053,0,0,0,0,0,0,0,0,8,5,0
20250312_122040,2.986,-0.057,0,0,0,0,0,0,0,0,8,5,0
20250312_122040,2.962,-0.060,0,0,0,0,0,0,0,0,8,5,0
20250312_122040,2.939,-0.064,0,0,0,0,0,0,0,0,8,5,0
20250312_122040,2.915,-0.068,0,0,0,0,0,0,0,0,8,5,0
20250312_122040,2.890,-0.078,0,0,0,0,0,0,0,0,8,5,0
20250312_122040,2.865,-0.089,0,0,0,0,0,0,0,0,8,5,0
20250312_122040,2.840,-0.100,0,0,0,0,0,0,0,0,8,5,0
20250312_122040,2.818,-0.114,0,0,0,0,0,0,0,0,8,5,0
20250312_122040,2.797,-0.127,0,0,0,0,0,0,0,0,8,5,0
20250312_122040,2.775,-0.140,0,0,0,0,0,0,0,0,8,5,0
20250312_122040,2.754,-0.158,0,0,0,0,0,0,0,0,8,5,0
20250312_122040,2.734,-0.176,0,0,0,0,0,0,0,0,8,5,0
20250312_122040,2.714,-0.195,0,0,0,0,0,0,0,0,8,5,0
20250312_122040,2.696,-0.218,0,0,0,0,0,0,0,0,8,5,0
20250312_122040,2.678,-0.242,0,0,0,0,0,0,0,0,8,5,0
20250312_122040,2.660,-0.266,0,0,0,0,0,0,0,0,8,5,0
20250312_122040,2.642,-0.291,0,0,0,0,0,0,0,0,8,5,0
20250312_122040,2.625,-0.315,0,0,0,0,0,0,0,0,8,5,0
20250312_122040,2.607,-0.340,0,0,0,0,0,0,0,0,8,5,0
20250312_122040,2.598,-0.365,0,0,0,0,0,0,0,0,8,5,0
20250312_122040,2.589,-0.389,0,0,0,0,0,0,0,0,8,5,0
20250312_122040,2.580,-0.414,0,0,0,0,0,0,0,0,8,5,0
20250312_122040,2.571,-0.439,0,0,0,0,0,0,0,0,8,5,0
20250312_122040,2.571,-0.460,0,0,0,0,0,0,0,0,8,5,0
20250312_122040,2.571,-0.481,0,0,0,0,0,0,0,0,8,5,0
20250312_122040,2.571,-0.501,0,0,0,0,0,0,0,0,8,5,0
20250312_122040,2.571,-0.522,0,0,0,0,0,0,0,0,8,5,0
20250312_122040,2.571,-0.543,0,0,0,0,0,0,0,0,8,5,0
20250312_122040,2.571,-0.564,0,0,0,0,0,0,0,0,8,5,0
20250312_122040,2.570,-0.585,0,0,0,0,0,0,0,0,8,5,0
20250312_122040,2.570,-0.606,0,0,0,0,0,0,0,0,8,5,0
20250312_122040,2.570,-0.627,0,0,0,0,0,0,0,0,8,5,0
20250312_122040,2.570,-0.648,0,0,0,0,0,0,0,0,8,5,0
20250312_122040,2.570,-0.669,0,0,0,0,0,0,0,0,8,5,0
20250312_122040,2.570,-0.690,0,0,0,0,0,0,0,0,8,5,0
