20250312_111908,2.569,-0.636,0,0,0,0,0,0,0,0,8,0,0
20250312_111908,2.568,-0.616,0,0,0,0,0,0,0,0,8,0,0
20250312_111908,2.568,-0.596,0,0,0,0,0,0,0,0,8,0,0
20250312_111908,2.567,-0.576,0,0,0,0,0,0,0,0,8,0,0
20250312_111908,2.566,-0.556,0,0,0,0,0,0,0,0,8,0,0
20250312_111908,2.566,-0.535,0,0,0,0,0,0,0,0,8,0,0
20250312_111908,2.565,-0.515,0,0,0,0,0,0,0,0,8,0,0
20250312_111908,2.565,-0.495,0,0,0,0,0,0,0,0,8,0,0
20250312_111908,2.564,-0.475,0,0,0,0,0,0,0,0,8,0,0
20250312_111908,2.563,-0.455,0,0,0,0,0,0,0,0,8,0,0
20250312_111908,2.563,-0.434,0,0,0,0,0,0,0,0,8,0,0
20250312_111908,2.562,-0.414,0,0,0,0,0,0,0,0,8,0,0
20250312_111908,2.561,-0.394,0,0,0,0,0,0,0,0,8,0,0
20250312_111908,2.561,-0.374,0,0,0,0,0,0,0,0,8,0,0
20250312_111908,2.564,-0.353,0,0,0,0,0,0,0,0,8,0,0
20250312_111908,2.566,-0.332,0,0,0,0,0,0,0,0,8,0,0
20250312_111908,2.569,-0.311,0,0,0,0,0,0,0,0,8,0,0
20250312_111908,2.572,-0.290,0,0,0,0,0,0,0,0,8,0,0
20250312_111908,2.583,-0.264,0,0,0,0,0,0,0,0,8,0,0
20250312_111908,2.594,-0.237,0,0,0,0,0,0,0,0,8,0,0
20250312_111908,2.605,-0.211,0,0,0,0,0,0,0,0,8,0,0
20250312_111908,2.623,-0.187,0,0,0,0,0,0,0,0,8,0,0
20250312_111908,2.641,-0.163,0,0,0,0,0,0,0,0,8,0,0
20250312_111908,2.659,-0.140,0,0,0,0,0,0,0,0,8,0,0
20250312_111908,2.682,-0.121,0,0,0,0,0,0,0,0,8,0,0
20250312_111908,2.706,-0.103,0,0,0,0,0,0,0,0,8,0,0
20250312_111908,2.730,-0.085,0,0,0,0,0,0,0,0,8,0,0
20250312_111908,2.751,-0.075,0,0,0,0,0,0,0,0,8,0,0
20250312_111908,2.772,-0.065,0,0,0,0,0,0,0,0,8,0,0
20250312_111908,2.794,-0.055,0,0,0,0,0,0,0,0,8,0,0
20250312_111908,2.815,-0.045,0,0,0,0,0,0,0,0,8,0,0
20250312_111908,2.839,-0.038,0,0,0,0,0,0,0,0,8,0,0
20250312_111908,2.862,-0.031,0,0,0,0,0,0,0,0,8,0,0
20250312_111908,2.886,-0.025,0,0,0,0,0,0,0,0,8,0,0
20250312_111908,2.910,-0.018,0,0,0,0,0,0,0,0,8,0,0
20250312_111908,2.935,-0.016,0,0,0,0,0,0,0,0,8,0,0
20250312_111908,2.960,-0.015,0,0,0,0,0,0,0,0,8,0,0
20250312_111908,2.985,-0.014,0,0,0,0,0,0,0,0,8,0,0
20250312_111908,3.010,-0.013,0,0,0,0,0,0,0,0,8,0,0
20250312_111908,3.031,-0.014,0,0,0,0,0,0,0,0,0,0,0
20250312_111908,3.052,-0.014,0,0,0,0,0,0,0,0,0,0,0
20250312_111908,3.073,-0.015,0,0,0,0,0,0,0,0,0,0,0
20250312_111908,3.094,-0.015,0,0,0,0,0,0,0,0,0,0,0
20250312_111908,3.115,-0.016,0,0,0,0,0,0,0,0,0,0,0
20250312_111908,3.136,-0.016,0,0,0,0,0,0,0,0,0,0,0
20250312_111908,3.157,-0.017,0,0,0,0,0,0,0,0,0,0,0
20250312_111908,3.178,-0.017,0,0,0,0,0,0,0,0,0,0,0
20250312_111908,3.199,-0.018,0,0,0,0,0,0,0,0,0,0,0
20250312_111908,3.220,-0.018,0,0,0,0,0,0,0,0,0,0,0
20250312_111908,3.241,-0.019,0,0,0,0,0,0,0,0,0,0,0
20250312_111908,3.262,-0.020,0,0,0,0,0,0,0,0,0,0,0
20250312_111908,3.283,-0.020,0,0,0,0,0,0,0,0,0,0,0
20250312_111908,3.304,-0.021,0,0,0,0,0,0,0,0,0,0,0
20250312_111908,3.326,-0.021,0,0,0,0,0,0,0,0,8,0,0
20250312_111908,3.347,-0.022,0,0,0,0,0,0,0,0,8,0,0
20250312_111908,3.369,-0.023,0,0,0,0,0,0,0,0,8,0,0
20250312_111908,3.390,-0.023,0,0,0,0,0,0,0,0,8,0,0
20250312_111908,3.411,-0.024,0,0,0,0,0,0,0,0,8,0,0
20250312_111908,3.433,-0.025,0,0,0,0,0,0,0,0,8,0,0
20250312_111908,3.456,-0.032,0,0,0,0,0,0,0,0,8,0,0
20250312_111908,3.479,-0.040,0,0,0,0,0,0,0,0,8,0,0
20250312_111908,3.503,-0.048,0,0,0,0,0,0,0,0,8,0,0
20250312_111908,3.526,-0.055,0,0,0,0,0,0,0,0,8,0,0
20250312_111908,3.552,-0.071,0,0,0,0,0,0,0,0,8,0,0
20250312_111908,3.579,-0.086,0,0,0,0,0,0,0,0,8,0,0
20250312_111908,3.606,-0.102,0,0,0,0,0,0,0,0,8,0,0
20250312_111908,3.626,-0.125,0,0,0,0,0,0,0,0,8,0,0
20250312_111908,3.647,-0.148,0,0,0,0,0,0,0,0,8,0,0
20250312_111908,3.667,-0.171,0,0,0,0,0,0,0,0,8,0,0
20250312_111908,3.677,-0.193,0,0,0,0,0,0,0,0,8,0,0
20250312_111908,3.686,-0.214,0,0,0,0,0,0,0,0,8,0,0
20250312_111908,3.696,-0.236,0,0,0,0,0,0,0,0,8,0,0
20250312_111908,3.705,-0.257,0,0,0,0,0,0,0,0,8,0,0
20250312_111908,3.714,-0.280,0,0,0,0,0,0,0,0,8,0,0
20250312_111908,3.722,-0.303,0,0,0,0,0,0,0,0,8,0,0
20250312_111908,3.730,-0.326,0,0,0,0,0,0,0,0,8,0,0
20250312_111908,3.739,-0.350,0,0,0,0,0,0,0,0,8,0,0
20250312_111908,3.739,-0.370,0,0,0,0,0,0,0,0,8,0,0
20250312_111908,3.740,-0.391,0,0,0,0,0,0,0,0,8,0,0
20250312_111908,3.740,-0.412,0,0,0,0,0,0,0,0,8,0,0
20250312_111908,3.741,-0.432,0,0,0,0,0,0,0,0,8,0,0
20250312_111908,3.741,-0.453,0,0,0,0,0,0,0,0,8,0,0
20250312_111908,3.742,-0.474,0,0,0,0,0,0,0,0,8,0,0
20250312_111908,3.742,-0.495,0,0,0,0,0,0,0,0,8,0,0
20250312_111908,3.743,-0.515,0,0,0,0,0,0,0,0,8,0,0
20250312_111908,3.743,-0.536,0,0,0,0,0,0,0,0,8,0,0
20250312_111908,3.744,-0.557,0,0,0,0,0,0,0,0,8,0,0
20250312_111908,3.744,-0.577,0,0,0,0,0,0,0,0,8,0,0
20250312_111908,3.745,-0.598,0,0,0,0,0,0,0,0,8,0,0
20250312_111908,3.745,-0.619,0,0,0,0,0,0,0,0,8,0,0
20250312_111908,3.746,-0.640,0,0,0,0,0,0,0,0,8,0,0
20250312_111908,3.746,-0.660,0,0,0,0,0,0,0,0,8,0,0
20250312_111908,3.747,-0.681,0,0,0,0,0,0,0,0,8,0,0
20250312_111908,3.748,-0.702,0,0,0,0,0,0,0,0,8,0,0
20250312_111908,3.748,-0.723,0,0,0,0,0,0,0,0,8,0,0
20250312_111908,3.749,-0.743,0,0,0,0,0,0,0,0,8,0,0
20250312_111908,3.745,-0.765,0,0,0,0,0,0,0,0,8,0,0
20250312_111908,3.742,-0.786,0,0,0,0,0,0,0,0,8,0,0
20250312_111908,3.738,-0.808,0,0,0,0,0,0,0,0,8,0,0
20250312_111908,3.734,-0.830,0,0,0,0,0,0,0,0,8,0,0
20250312_111908,3.731,-0.851,0,0,0,0,0,0,0,0,8,0,0
20250312_111908,3.724,-0.872,0,0,0,0,0,0,0,0,8,0,0
20250312_111908,3.718,-0.893,0,0,0,0,0,0,0,0,8,0,0
20250312_111908,3.712,-0.915,0,0,0,0,0,0,0,0,8,0,0
20250312_111908,3.705,-0.936,0,0,0,0,0,0,0,0,8,0,0
20250312_111908,3.699,-0.957,0,0,0,0,0,0,0,0,8,0,0
20250312_111908,3.680,-0.978,0,0,0,0,0,0,0,0,8,0,0
20250312_111908,3.662,-1.000,0,0,0,0,0,0,0,0,8,0,0
20250312_111908,3.643,-1.022,0,0,0,0,0,0,0,0,8,0,0
20250312_111908,3.625,-1.043,0,0,0,0,0,0,0,0,8,0,0
20250312_111908,3.601,-1.065,0,0,0,0,0,0,0,0,8,0,0
20250312_111908,3.577,-1.087,0,0,0,0,0,0,0,0,8,0,0
20250312_111908,3.553,-1.109,0,0,0,0,0,0,0,0,8,0,0
20250312_111908,3.530,-1.122,0,0,0,0,0,0,0,0,8,0,0
20250312_111908,3.508,-1.135,0,0,0,0,0,0,0,0,8,0,0
20250312_111908,3.485,-1.148,0,0,0,0,0,0,0,0,8,0,0
20250312_111908,3.463,-1.161,0,0,0,0,0,0,0,0,8,0,0
20250312_111908,3.441,-1.168,0,0,0,0,0,0,0,0,8,0,0
20250312_111908,3.418,-1.175,0,0,0,0,0,0,0,0,8,0,0
20250312_111908,3.396,-1.182,0,0,0,0,0,0,0,0,8,0,0
20250312_111908,3.374,-1.189,0,0,0,0,0,0,0,0,8,0,0
20250312_111908,3.352,-1.195,0,0,0,0,0,0,0,0,8,0,0
20250312_111908,3.331,-1.195,0,0,0,0,0,0,0,0,0,0,0
20250312_111908,3.311,-1.195,0,0,0,0,0,0,0,0,0,0,0
20250312_111908,3.291,-1.194,0,0,0,0,0,0,0,0,0,0,0
20250312_111908,3.270,-1.194,0,0,0,0,0,0,0,0,0,0,0
20250312_111908,3.250,-1.194,0,0,0,0,0,0,0,0,0,0,0
20250312_111908,3.230,-1.194,0,0,0,0,0,0,0,0,0,0,0
20250312_111908,3.209,-1.193,0,0,0,0,0,0,0,0,0,0,0
20250312_111908,3.189,-1.193,0,0,0,0,0,0,0,0,0,0,0
20250312_111908,3.169,-1.193,0,0,0,0,0,0,0,0,0,0,0
20250312_111908,3.148,-1.192,0,0,0,0,0,0,0,0,0,0,0
20250312_111908,3.128,-1.192,0,0,0,0,0,0,0,0,0,0,0
20250312_111908,3.108,-1.192,0,0,0,0,0,0,0,0,0,0,0
20250312_111908,3.087,-1.191,0,0,0,0,0,0,0,0,0,0,0
20250312_111908,3.067,-1.191,0,0,0,0,0,0,0,0,0,0,0
20250312_111908,3.047,-1.191,0,0,0,0,0,0,0,0,0,0,0
20250312_111908,3.026,-1.190,0,0,0,0,0,0,0,0,0,0,0
20250312_111908,3.006,-1.190,0,0,0,0,0,0,0,0,0,0,0
20250312_111908,2.986,-1.190,0,0,0,0,0,0,0,0,0,0,0
20250312_111908,2.966,-1.190,0,0,0,0,0,0,0,0,0,0,0
20250312_111908,2.945,-1.189,0,0,0,0,0,0,0,0,0,0,0
20250312_111908,2.925,-1.189,0,0,0,0,0,0,0,0,0,0,0
20250312_111908,2.905,-1.189,0,0,0,0,0,0,0,0,0,0,0
20250312_111908,2.884,-1.188,0,0,0,0,0,0,0,0,0,0,0
20250312_111908,2.864,-1.188,0,0,0,0,0,0,0,0,0,0,0
20250312_111908,2.844,-1.188,0,0,0,0,0,0,0,0,0,0,0
20250312_111908,2.823,-1.187,0,0,0,0,0,0,0,0,0,0,0
20250312_111908,2.803,-1.187,0,0,0,0,0,0,0,0,0,0,0
20250312_111908,2.783,-1.187,0,0,0,0,0,0,0,0,0,0,0
20250312_111908,2.762,-1.187,0,0,0,0,0,0,0,0,0,0,0
20250312_111908,2.742,-1.186,0,0,0,0,0,0,0,0,0,0,0
20250312_111908,2.722,-1.186,0,0,0,0,0,0,0,0,0,0,0
20250312_111908,2.701,-1.186,0,0,0,0,0,0,0,0,0,0,0
20250312_111908,2.681,-1.185,0,0,0,0,0,0,0,0,0,0,0
20250312_111908,2.661,-1.185,0,0,0,0,0,0,0,0,0,0,0
20250312_111908,2.640,-1.185,0,0,0,0,0,0,0,0,0,0,0
20250312_111908,2.620,-1.184,0,0,0,0,0,0,0,0,0,0,0
20250312_111908,2.600,-1.184,0,0,0,0,0,0,0,0,0,0,0
20250312_111908,2.580,-1.184,0,0,0,0,0,0,0,0,0,0,0
20250312_111908,2.559,-1.183,0,0,0,0,0,0,0,0,0,0,0
20250312_111908,2.539,-1.183,0,0,0,0,0,0,0,0,0,0,0
20250312_111908,2.519,-1.183,0,0,0,0,0,0,0,0,0,0,0
20250312_111908,2.499,-1.183,0,0,0,0,0,0,0,0,0,0,0
20250312_111908,2.479,-1.182,0,0,0,0,0,0,0,0,0,0,0
20250312_111908,2.459,-1.182,0,0,0,0,0,0,0,0,0,0,0
20250312_111908,2.439,-1.182,0,0,0,0,0,0,0,0,0,0,0
20250312_111908,2.418,-1.182,0,0,0,0,0,0,0,0,0,0,0
20250312_111908,2.398,-1.181,0,0,0,0,0,0,0,0,0,0,0
20250312_111908,2.378,-1.181,0,0,0,0,0,0,0,0,0,0,0
20250312_111908,2.358,-1.181,0,0,0,0,0,0,0,0,0,0,0
20250312_111908,2.338,-1.181,0,0,0,0,0,0,0,0,0,0,0
20250312_111908,2.318,-1.180,0,0,0,0,0,0,0,0,0,0,0
20250312_111908,2.298,-1.180,0,0,0,0,0,0,0,0,0,0,0
20250312_111908,2.278,-1.180,0,0,0,0,0,0,0,0,0,0,0
20250312_111908,2.258,-1.179,0,0,0,0,0,0,0,0,0,0,0
20250312_111908,2.238,-1.179,0,0,0,0,0,0,0,0,0,0,0
20250312_111908,2.218,-1.179,0,0,0,0,0,0,0,0,0,0,0
20250312_111908,2.198,-1.179,0,0,0,0,0,0,0,0,0,0,0
20250312_111908,2.178,-1.178,0,0,0,0,0,0,0,0,0,0,0
20250312_111908,2.157,-1.178,0,0,0,0,0,0,0,0,0,0,0
20250312_111908,2.137,-1.178,0,0,0,0,0,0,0,0,0,0,0
20250312_111908,2.117,-1.178,0,0,0,0,0,0,0,0,0,0,0
20250312_111908,2.097,-1.177,0,0,0,0,0,0,0,0,0,0,0
20250312_111908,2.077,-1.177,0,0,0,0,0,0,0,0,0,0,0
20250312_111908,2.057,-1.177,0,0,0,0,0,0,0,0,0,0,0
20250312_111908,2.037,-1.177,0,0,0,0,0,0,0,0,0,0,0
20250312_111908,2.017,-1.176,0,0,0,0,0,0,0,0,0,0,0
20250312_111908,1.997,-1.176,0,0,0,0,0,0,0,0,0,0,0
20250312_111908,1.977,-1.176,0,0,0,0,0,0,0,0,0,0,0
20250312_111908,1.957,-1.176,0,0,0,0,0,0,0,0,0,0,0
20250312_111908,1.937,-1.175,0,0,0,0,0,0,0,0,0,0,0
20250312_111908,1.917,-1.175,0,0,0,0,0,0,0,0,0,0,0
20250312_111908,1.896,-1.175,0,0,0,0,0,0,0,0,0,0,0
20250312_111908,1.876,-1.175,0,0,0,0,0,0,0,0,0,0,0
20250312_111908,1.856,-1.174,0,0,0,0,0,0,0,0,0,0,0
20250312_111908,1.836,-1.174,0,0,0,0,0,0,0,0,0,0,0
20250312_111908,1.816,-1.174,0,0,0,0,0,0,0,0,0,0,0
20250312_111908,1.796,-1.174,0,0,0,0,0,0,0,0,0,0,0
20250312_111908,1.776,-1.173,0,0,0,0,0,0,0,0,0,0,0
20250312_111908,1.756,-1.173,0,0,0,0,0,0,0,0,0,0,0
20250312_111908,1.736,-1.173,0,0,0,0,0,0,0,0,0,0,0
20250312_111908,1.716,-1.172,0,0,0,0,0,0,0,0,0,0,0
20250312_111908,1.696,-1.172,0,0,0,0,0,0,0,0,0,0,0
20250312_111908,1.676,-1.172,0,0,0,0,0,0,0,0,0,0,0
20250312_111908,1.656,-1.172,0,0,0,0,0,0,0,0,0,0,0
20250312_111908,1.635,-1.171,0,0,0,0,0,0,0,0,0,0,0
20250312_111908,1.615,-1.171,0,0,0,0,0,0,0,0,0,0,0
20250312_111908,1.595,-1.171,0,0,0,0,0,0,0,0,0,0,0
20250312_111908,1.575,-1.171,0,0,0,0,0,0,0,0,0,0,0
20250312_111908,1.555,-1.170,0,0,0,0,0,0,0,0,0,0,0
20250312_111908,1.535,-1.170,0,0,0,0,0,0,0,0,0,0,0
20250312_111908,1.515,-1.170,0,0,0,0,0,0,0,0,0,0,0
20250312_111908,1.495,-1.170,0,0,0,0,0,0,0,0,0,0,0
20250312_111908,1.475,-1.169,0,0,0,0,0,0,0,0,0,0,0
20250312_111908,1.455,-1.169,0,0,0,0,0,0,0,0,0,0,0
20250312_111908,1.435,-1.169,0,0,0,0,0,0,0,0,0,0,0
20250312_111908,1.415,-1.169,0,0,0,0,0,0,0,0,0,0,0
20250312_111908,1.394,-1.168,0,0,0,0,0,0,0,0,0,0,0
20250312_111908,1.374,-1.168,0,0,0,0,0,0,0,0,0,0,0
20250312_111908,1.354,-1.168,0,0,0,0,0,0,0,0,0,0,0
20250312_111908,1.334,-1.168,0,0,0,0,0,0,0,0,0,0,0
20250312_111908,1.314,-1.167,0,0,0,0,0,0,0,0,0,0,0
20250312_111908,1.294,-1.167,0,0,0,0,0,0,0,0,0,0,0
20250312_111908,1.274,-1.167,0,0,0,0,0,0,0,0,0,0,0
20250312_111908,1.254,-1.167,0,0,0,0,0,0,0,0,0,0,0
20250312_111908,1.234,-1.166,0,0,0,0,0,0,0,0,0,0,0
20250312_111908,1.214,-1.166,0,0,0,0,0,0,0,0,0,0,0
20250312_111908,1.194,-1.166,0,0,0,0,0,0,0,0,0,0,0
20250312_111908,1.173,-1.166,0,0,0,0,0,0,0,0,0,0,0
20250312_111908,1.153,-1.166,0,0,0,0,0,0,0,0,0,0,0
20250312_111908,1.133,-1.166,0,0,0,0,0,0,0,0,0,0,0
20250312_111908,1.112,-1.166,0,0,0,0,0,0,0,0,0,0,0
20250312_111908,1.092,-1.166,0,0,0,0,0,0,0,0,0,0,0
20250312_111908,1.071,-1.166,0,0,0,0,0,0,0,0,0,0,0
20250312_111908,1.051,-1.166,0,0,0,0,0,0,0,0,0,0,0
20250312_111908,1.031,-1.166,0,0,0,0,0,0,0,0,0,0,0
20250312_111908,1.010,-1.166,0,0,0,0,0,0,0,0,0,0,0
20250312_111908,0.990,-1.166,0,0,0,0,0,0,0,0,0,0,0
20250312_111908,0.969,-1.166,0,0,0,0,0,0,0,0,0,0,0
20250312_111908,0.949,-1.167,0,0,0,0,0,0,0,0,0,0,0
20250312_111908,0.929,-1.167,0,0,0,0,0,0,0,0,0,0,0
20250312_111908,0.908,-1.167,0,0,0,0,0,0,0,0,0,0,0
20250312_111908,0.888,-1.167,0,0,0,0,0,0,0,0,0,0,0
20250312_111908,0.868,-1.167,0,0,0,0,0,0,0,0,0,0,0
20250312_111908,0.847,-1.167,0,0,0,0,0,0,0,0,0,0,0
20250312_111908,0.827,-1.167,0,0,0,0,0,0,0,0,0,0,0
20250312_111908,0.806,-1.167,0,0,0,0,0,0,0,0,0,0,0
20250312_111908,0.786,-1.167,0,0,0,0,0,0,0,0,0,0,0
20250312_111908,0.766,-1.167,0,0,0,0,0,0,0,0,0,0,0
20250312_111908,0.745,-1.167,0,0,0,0,0,0,0,0,0,0,0
20250312_111908,0.725,-1.167,0,0,0,0,0,0,0,0,0,0,0
20250312_111908,0.704,-1.167,0,0,0,0,0,0,0,0,0,0,0
20250312_111908,0.684,-1.167,0,0,0,0,0,0,0,0,0,0,0
20250312_111908,0.664,-1.168,0,0,0,0,0,0,0,0,0,0,0
20250312_111908,0.643,-1.168,0,0,0,0,0,0,0,0,0,0,0
20250312_111908,0.623,-1.168,0,0,0,0,0,0,0,0,0,0,0
20250312_111908,0.602,-1.168,0,0,0,0,0,0,0,0,0,0,0
20250312_111908,0.582,-1.168,0,0,0,0,0,0,0,0,0,0,0
20250312_111908,0.562,-1.168,0,0,0,0,0,0,0,0,0,0,0
20250312_111908,0.541,-1.168,0,0,0,0,0,0,0,0,0,0,0
20250312_111908,0.521,-1.168,0,0,0,0,0,0,0,0,0,0,0
20250312_111908,0.501,-1.168,0,0,0,0,0,0,0,0,0,0,0
20250312_111908,0.480,-1.168,0,0,0,0,0,0,0,0,0,0,0
20250312_111908,0.460,-1.168,0,0,0,0,0,0,0,0,0,0,0
20250312_111908,0.439,-1.168,0,0,0,0,0,0,0,0,0,0,0
20250312_111908,0.419,-1.168,0,0,0,0,0,0,0,0,0,0,0
20250312_111908,0.398,-1.166,0,0,0,0,0,0,0,0,8,0,0
20250312_111908,0.376,-1.164,0,0,0,0,0,0,0,0,8,0,0
20250312_111908,0.355,-1.162,0,0,0,0,0,0,0,0,8,0,0
20250312_111908,0.334,-1.160,0,0,0,0,0,0,0,0,8,0,0
20250312_111908,0.313,-1.158,0,0,0,0,0,0,0,0,8,0,0
20250312_111908,0.291,-1.152,0,0,0,0,0,0,0,0,8,0,0
20250312_111908,0.270,-1.146,0,0,0,0,0,0,0,0,8,0,0
20250312_111908,0.249,-1.140,0,0,0,0,0,0,0,0,8,0,0
20250312_111908,0.228,-1.134,0,0,0,0,0,0,0,0,8,0,0
20250312_111908,0.206,-1.128,0,0,0,0,0,0,0,0,8,0,0
20250312_111908,0.182,-1.116,0,0,0,0,0,0,0,0,8,0,0
20250312_111908,0.159,-1.104,0,0,0,0,0,0,0,0,8,0,0
20250312_111908,0.135,-1.092,0,0,0,0,0,0,0,0,8,0,0
20250312_111908,0.111,-1.080,0,0,0,0,0,0,0,0,8,0,0
20250312_111908,0.085,-1.058,0,0,0,0,0,0,0,0,8,0,0
20250312_111908,0.060,-1.037,0,0,0,0,0,0,0,0,8,0,0
20250312_111908,0.035,-1.016,0,0,0,0,0,0,0,0,8,0,0
20250312_111908,0.016,-0.990,0,0,0,0,0,0,0,0,8,0,0
20250312_111908,-0.003,-0.964,0,0,0,0,0,0,0,0,8,0,0
20250312_111908,-0.022,-0.939,0,0,0,0,0,0,0,0,8,0,0
20250312_111908,-0.032,-0.917,0,0,0,0,0,0,0,0,8,0,0
20250312_111908,-0.042,-0.896,0,0,0,0,0,0,0,0,8,0,0
20250312_111908,-0.052,-0.874,0,0,0,0,0,0,0,0,8,0,0
20250312_111908,-0.063,-0.853,0,0,0,0,0,0,0,0,8,0,0
20250312_111908,-0.064,-0.833,0,0,0,0,0,0,0,0,8,0,0
20250312_111908,-0.065,-0.813,0,0,0,0,0,0,0,0,8,0,0
20250312_111908,-0.067,-0.793,0,0,0,0,0,0,0,0,8,0,0
20250312_111908,-0.068,-0.773,0,0,0,0,0,0,0,0,8,0,0
20250312_111908,-0.070,-0.753,0,0,0,0,0,0,0,0,8,0,0
20250312_111908,-0.069,-0.733,0,0,0,0,0,0,0,0,8,0,0
20250312_111908,-0.069,-0.712,0,0,0,0,0,0,0,0,8,0,0
20250312_111908,-0.069,-0.692,0,0,0,0,0,0,0,0,8,0,0
20250312_111908,-0.069,-0.672,0,0,0,0,0,0,0,0,8,0,0
20250312_111908,-0.069,-0.652,0,0,0,0,0,0,0,0,8,0,0
20250312_111908,-0.069,-0.632,0,0,0,0,0,0,0,0,8,0,0
20250312_111908,-0.069,-0.611,0,0,0,0,0,0,0,0,8,0,0
20250312_111908,-0.069,-0.591,0,0,0,0,0,0,0,0,8,0,0
20250312_111908,-0.069,-0.571,0,0,0,0,0,0,0,0,8,0,0
20250312_111908,-0.069,-0.551,0,0,0,0,0,0,0,0,8,0,0
20250312_111908,-0.068,-0.531,0,0,0,0,0,0,0,0,8,0,0
20250312_111908,-0.068,-0.510,0,0,0,0,0,0,0,0,8,0,0
20250312_111908,-0.068,-0.490,0,0,0,0,0,0,0,0,8,0,0
20250312_111908,-0.068,-0.470,0,0,0,0,0,0,0,0,8,0,0
20250312_111908,-0.068,-0.450,0,0,0,0,0,0,0,0,8,0,0
20250312_111908,-0.068,-0.430,0,0,0,0,0,0,0,0,8,0,0
20250312_111908,-0.068,-0.409,0,0,0,0,0,0,0,0,8,0,0
20250312_111908,-0.068,-0.389,0,0,0,0,0,0,0,0,8,0,0
20250312_111908,-0.068,-0.369,0,0,0,0,0,0,0,0,8,0,0
20250312_111908,-0.060,-0.345,0,0,0,0,0,0,0,0,8,0,0
20250312_111908,-0.053,-0.322,0,0,0,0,0,0,0,0,8,0,0
20250312_111908,-0.045,-0.299,0,0,0,0,0,0,0,0,8,0,0
20250312_111908,-0.037,-0.275,0,0,0,0,0,0,0,0,8,0,0
20250312_111908,-0.030,-0.252,0,0,0,0,0,0,0,0,8,0,0
20250312_111908,-0.019,-0.231,0,0,0,0,0,0,0,0,8,0,0
20250312_111908,-0.009,-0.210,0,0,0,0,0,0,0,0,8,0,0
20250312_111908,0.001,-0.188,0,0,0,0,0,0,0,0,8,0,0
20250312_111908,0.012,-0.167,0,0,0,0,0,0,0,0,8,0,0
20250312_111908,0.022,-0.146,0,0,0,0,0,0,0,0,8,0,0
20250312_111908,0.042,-0.125,0,0,0,0,0,0,0,0,8,0,0
20250312_111908,0.062,-0.104,0,0,0,0,0,0,0,0,8,0,0
20250312_111908,0.083,-0.083,0,0,0,0,0,0,0,0,8,0,0
20250312_111908,0.103,-0.062,0,0,0,0,0,0,0,0,8,0,0
20250312_111908,0.123,-0.051,0,0,0,0,0,0,0,0,8,0,0
20250312_111908,0.143,-0.041,0,0,0,0,0,0,0,0,8,0,0
20250312_111908,0.164,-0.030,0,0,0,0,0,0,0,0,8,0,0
20250312_111908,0.184,-0.019,0,0,0,0,0,0,0,0,8,0,0
20250312_111908,0.204,-0.008,0,0,0,0,0,0,0,0,8,0,0
20250312_111908,0.227,-0.005,0,0,0,0,0,0,0,0,8,0,0
20250312_111908,0.249,-0.001,0,0,0,0,0,0,0,0,8,0,0
20250312_111908,0.272,0.003,0,0,0,0,0,0,0,0,8,0,0
20250312_111908,0.295,0.006,0,0,0,0,0,0,0,0,8,0,0
20250312_111908,0.317,0.010,0,0,0,0,0,0,0,0,8,0,0
20250312_111908,0.337,0.010,0,0,0,0,0,0,0,0,0,0,0
20250312_111908,0.358,0.010,0,0,0,0,0,0,0,0,0,0,0
20250312_111908,0.378,0.010,0,0,0,0,0,0,0,0,0,0,0
20250312_111908,0.398,0.010,0,0,0,0,0,0,0,0,0,0,0
20250312_111908,0.418,0.010,0,0,0,0,0,0,0,0,0,0,0
20250312_111908,0.439,0.010,0,0,0,0,0,0,0,0,0,0,0
20250312_111908,0.459,0.010,0,0,0,0,0,0,0,0,0,0,0
20250312_111908,0.479,0.010,0,0,0,0,0,0,0,0,0,0,0
20250312_111908,0.499,0.010,0,0,0,0,0,0,0,0,0,0,0
20250312_111908,0.520,0.010,0,0,0,0,0,0,0,0,0,0,0
20250312_111908,0.540,0.010,0,0,0,0,0,0,0,0,0,0,0
20250312_111908,0.560,0.010,0,0,0,0,0,0,0,0,0,0,0
20250312_111908,0.580,0.010,0,0,0,0,0,0,0,0,0,0,0
20250312_111908,0.601,0.010,0,0,0,0,0,0,0,0,0,0,0
20250312_111908,0.621,0.010,0,0,0,0,0,0,0,0,0,0,0
20250312_111908,0.641,0.010,0,0,0,0,0,0,0,0,0,0,0
20250312_111908,0.661,0.010,0,0,0,0,0,0,0,0,0,0,0
20250312_111908,0.682,0.010,0,0,0,0,0,0,0,0,0,0,0
20250312_111908,0.702,0.010,0,0,0,0,0,0,0,0,0,0,0
20250312_111908,0.722,0.010,0,0,0,0,0,0,0,0,0,0,0
20250312_111908,0.742,0.010,0,0,0,0,0,0,0,0,0,0,0
20250312_111908,0.763,0.010,0,0,0,0,0,0,0,0,0,0,0
20250312_111908,0.783,0.010,0,0,0,0,0,0,0,0,0,0,0
20250312_111908,0.803,0.010,0,0,0,0,0,0,0,0,0,0,0
20250312_111908,0.823,0.010,0,0,0,0,0,0,0,0,0,0,0
20250312_111908,0.844,0.010,0,0,0,0,0,0,0,0,0,0,0
20250312_111908,0.864,0.010,0,0,0,0,0,0,0,0,0,0,0
20250312_111908,0.884,0.010,0,0,0,0,0,0,0,0,0,0,0
20250312_111908,0.904,0.010,0,0,0,0,0,0,0,0,0,0,0
20250312_111908,0.925,0.010,0,0,0,0,0,0,0,0,0,0,0
20250312_111908,0.945,0.010,0,0,0,0,0,0,0,0,0,0,0
20250312_111908,0.965,0.010,0,0,0,0,0,0,0,0,0,0,0
20250312_111908,0.985,0.010,0,0,0,0,0,0,0,0,0,0,0
20250312_111908,1.005,0.010,0,0,0,0,0,0,0,0,0,0,0
20250312_111908,1.026,0.010,0,0,0,0,0,0,0,0,0,0,0
20250312_111908,1.046,0.010,0,0,0,0,0,0,0,0,0,0,0
20250312_111908,1.066,0.010,0,0,0,0,0,0,0,0,0,0,0
20250312_111908,1.086,0.010,0,0,0,0,0,0,0,0,0,0,0
20250312_111908,1.107,0.010,0,0,0,0,0,0,0,0,0,0,0
20250312_111908,1.127,0.010,0,0,0,0,0,0,0,0,0,0,0
20250312_111908,1.147,0.010,0,0,0,0,0,0,0,0,0,0,0
20250312_111908,1.167,0.010,0,0,0,0,0,0,0,0,0,0,0
20250312_111908,1.188,0.010,0,0,0,0,0,0,0,0,0,0,0
20250312_111908,1.208,0.010,0,0,0,0,0,0,0,0,0,0,0
20250312_111908,1.228,0.009,0,0,0,0,0,0,0,0,0,0,0
20250312_111908,1.248,0.009,0,0,0,0,0,0,0,0,0,0,0
20250312_111908,1.268,0.009,0,0,0,0,0,0,0,0,0,0,0
20250312_111908,1.288,0.008,0,0,0,0,0,0,0,0,0,0,0
20250312_111908,1.309,0.008,0,0,0,0,0,0,0,0,0,0,0
20250312_111908,1.329,0.007,0,0,0,0,0,0,0,0,0,0,0
20250312_111908,1.349,0.007,0,0,0,0,0,0,0,0,0,0,0
20250312_111908,1.369,0.007,0,0,0,0,0,0,0,0,0,0,0
20250312_111908,1.389,0.006,0,0,0,0,0,0,0,0,0,0,0
20250312_111908,1.409,0.006,0,0,0,0,0,0,0,0,0,0,0
20250312_111908,1.429,0.006,0,0,0,0,0,0,0,0,0,0,0
20250312_111908,1.449,0.005,0,0,0,0,0,0,0,0,0,0,0
20250312_111908,1.470,0.005,0,0,0,0,0,0,0,0,0,0,0
20250312_111908,1.490,0.005,0,0,0,0,0,0,0,0,0,0,0
20250312_111908,1.510,0.004,0,0,0,0,0,0,0,0,0,0,0
20250312_111908,1.530,0.004,0,0,0,0,0,0,0,0,0,0,0
20250312_111908,1.550,0.003,0,0,0,0,0,0,0,0,0,0,0
20250312_111908,1.570,0.003,0,0,0,0,0,0,0,0,0,0,0
20250312_111908,1.590,0.003,0,0,0,0,0,0,0,0,0,0,0
20250312_111908,1.610,0.002,0,0,0,0,0,0,0,0,0,0,0
20250312_111908,1.630,0.002,0,0,0,0,0,0,0,0,0,0,0
20250312_111908,1.651,0.002,0,0,0,0,0,0,0,0,0,0,0
20250312_111908,1.671,0.001,0,0,0,0,0,0,0,0,0,0,0
20250312_111908,1.691,0.001,0,0,0,0,0,0,0,0,0,0,0
20250312_111908,1.711,0.000,0,0,0,0,0,0,0,0,0,0,0
20250312_111908,1.731,0.000,0,0,0,0,0,0,0,0,0,0,0
20250312_111908,1.751,-0.000,0,0,0,0,0,0,0,0,0,0,0
20250312_111908,1.771,-0.001,0,0,0,0,0,0,0,0,0,0,0
20250312_111908,1.791,-0.001,0,0,0,0,0,0,0,0,0,0,0
20250312_111908,1.812,-0.001,0,0,0,0,0,0,0,0,0,0,0
20250312_111908,1.832,-0.002,0,0,0,0,0,0,0,0,0,0,0
20250312_111908,1.852,-0.002,0,0,0,0,0,0,0,0,0,0,0
20250312_111908,1.872,-0.002,0,0,0,0,0,0,0,0,0,0,0
20250312_111908,1.892,-0.003,0,0,0,0,0,0,0,0,0,0,0
20250312_111908,1.912,-0.003,0,0,0,0,0,0,0,0,0,0,0
20250312_111908,1.932,-0.004,0,0,0,0,0,0,0,0,0,0,0
20250312_111908,1.952,-0.004,0,0,0,0,0,0,0,0,0,0,0
20250312_111908,1.973,-0.004,0,0,0,0,0,0,0,0,0,0,0
20250312_111908,1.993,-0.005,0,0,0,0,0,0,0,0,0,0,0
20250312_111908,2.013,-0.005,0,0,0,0,0,0,0,0,0,0,0
20250312_111908,2.033,-0.005,0,0,0,0,0,0,0,0,0,0,0
20250312_111908,2.053,-0.006,0,0,0,0,0,0,0,0,0,0,0
20250312_111908,2.073,-0.006,0,0,0,0,0,0,0,0,0,0,0
20250312_111908,2.093,-0.006,0,0,0,0,0,0,0,0,0,0,0
20250312_111908,2.113,-0.007,0,0,0,0,0,0,0,0,0,0,0
20250312_111908,2.133,-0.007,0,0,0,0,0,0,0,0,0,0,0
20250312_111908,2.154,-0.008,0,0,0,0,0,0,0,0,0,0,0
20250312_111908,2.174,-0.008,0,0,0,0,0,0,0,0,0,0,0
20250312_111908,2.194,-0.008,0,0,0,0,0,0,0,0,0,0,0
20250312_111908,2.214,-0.009,0,0,0,0,0,0,0,0,0,0,0
20250312_111908,2.234,-0.009,0,0,0,0,0,0,0,0,0,0,0
20250312_111908,2.254,-0.009,0,0,0,0,0,0,0,0,0,0,0
20250312_111908,2.274,-0.010,0,0,0,0,0,0,0,0,0,0,0
20250312_111908,2.294,-0.010,0,0,0,0,0,0,0,0,0,0,0
20250312_111908,2.315,-0.010,0,0,0,0,0,0,0,0,0,0,0
20250312_111908,2.335,-0.011,0,0,0,0,0,0,0,0,0,0,0
20250312_111908,2.355,-0.011,0,0,0,0,0,0,0,0,0,0,0
20250312_111908,2.375,-0.012,0,0,0,0,0,0,0,0,0,0,0
20250312_111908,2.395,-0.012,0,0,0,0,0,0,0,0,0,0,0
20250312_111908,2.415,-0.012,0,0,0,0,0,0,0,0,0,0,0
20250312_111908,2.435,-0.013,0,0,0,0,0,0,0,0,0,0,0
20250312_111908,2.455,-0.013,0,0,0,0,0,0,0,0,0,0,0
20250312_111908,2.476,-0.013,0,0,0,0,0,0,0,0,0,0,0
20250312_111908,2.496,-0.014,0,0,0,0,0,0,0,0,0,0,0
20250312_111908,2.516,-0.014,0,0,0,0,0,0,0,0,0,0,0
20250312_111908,2.536,-0.014,0,0,0,0,0,0,0,0,0,0,0
20250312_111908,2.556,-0.015,0,0,0,0,0,0,0,0,0,0,0
20250312_111908,2.577,-0.015,0,0,0,0,0,0,0,0,0,0,0
20250312_111908,2.597,-0.015,0,0,0,0,0,0,0,0,0,0,0
20250312_111908,2.618,-0.015,0,0,0,0,0,0,0,0,0,0,0
20250312_111908,2.639,-0.015,0,0,0,0,0,0,0,0,0,0,0
20250312_111908,2.659,-0.014,0,0,0,0,0,0,0,0,0,0,0
20250312_111908,2.680,-0.014,0,0,0,0,0,0,0,0,0,0,0
20250312_111908,2.700,-0.014,0,0,0,0,0,0,0,0,0,0,0
20250312_111908,2.721,-0.014,0,0,0,0,0,0,0,0,0,0,0
20250312_111908,2.742,-0.014,0,0,0,0,0,0,0,0,0,0,0
20250312_111908,2.762,-0.014,0,0,0,0,0,0,0,0,0,0,0
20250312_111908,2.783,-0.014,0,0,0,0,0,0,0,0,0,0,0
20250312_111908,2.804,-0.014,0,0,0,0,0,0,0,0,0,0,0
20250312_111908,2.824,-0.014,0,0,0,0,0,0,0,0,0,0,0
20250312_111908,2.845,-0.014,0,0,0,0,0,0,0,0,0,0,0
20250312_111908,2.865,-0.014,0,0,0,0,0,0,0,0,0,0,0
20250312_111908,2.886,-0.014,0,0,0,0,0,0,0,0,0,0,0
20250312_111908,2.907,-0.014,0,0,0,0,0,0,0,0,0,0,0
20250312_111908,2.927,-0.013,0,0,0,0,0,0,0,0,0,0,0
20250312_111908,2.948,-0.013,0,0,0,0,0,0,0,0,0,0,0
20250312_111908,2.969,-0.013,0,0,0,0,0,0,0,0,0,0,0
20250312_111908,2.989,-0.013,0,0,0,0,0,0,0,0,0,0,0
20250312_111908,3.010,-0.013,0,0,0,0,0,0,0,0,0,0,0
20250312_111908,2.985,-0.014,0,0,0,0,0,0,0,0,8,5,0
20250312_111908,2.960,-0.015,0,0,0,0,0,0,0,0,8,5,0
20250312_111908,2.935,-0.016,0,0,0,0,0,0,0,0,8,5,0
20250312_111908,2.910,-0.018,0,0,0,0,0,0,0,0,8,5,0
20250312_111908,2.886,-0.025,0,0,0,0,0,0,0,0,8,5,0
20250312_111908,2.862,-0.031,0,0,0,0,0,0,0,0,8,5,0
20250312_111908,2.839,-0.038,0,0,0,0,0,0,0,0,8,5,0
20250312_111908,2.815,-0.045,0,0,0,0,0,0,0,0,8,5,0
20250312_111908,2.794,-0.055,0,0,0,0,0,0,0,0,8,5,0
20250312_111908,2.772,-0.065,0,0,0,0,0,0,0,0,8,5,0
20250312_111908,2.751,-0.075,0,0,0,0,0,0,0,0,8,5,0
20250312_111908,2.730,-0.085,0,0,0,0,0,0,0,0,8,5,0
20250312_111908,2.706,-0.103,0,0,0,0,0,0,0,0,8,5,0
20250312_111908,2.682,-0.121,0,0,0,0,0,0,0,0,8,5,0
20250312_111908,2.659,-0.140,0,0,0,0,0,0,0,0,8,5,0
20250312_111908,2.641,-0.163,0,0,0,0,0,0,0,0,8,5,0
20250312_111908,2.623,-0.187,0,0,0,0,0,0,0,0,8,5,0
20250312_111908,2.605,-0.211,0,0,0,0,0,0,0,0,8,5,0
20250312_111908,2.594,-0.237,0,0,0,0,0,0,0,0,8,5,0
20250312_111908,2.583,-0.264,0,0,0,0,0,0,0,0,8,5,0
20250312_111908,2.572,-0.290,0,0,0,0,0,0,0,0,8,5,0
20250312_111908,2.569,-0.311,0,0,0,0,0,0,0,0,8,5,0
20250312_111908,2.566,-0.332,0,0,0,0,0,0,0,0,8,5,0
20250312_111908,2.564,-0.353,0,0,0,0,0,0,0,0,8,5,0
20250312_111908,2.561,-0.374,0,0,0,0,0,0,0,0,8,5,0
20250312_111908,2.561,-0.394,0,0,0,0,0,0,0,0,8,5,0
20250312_111908,2.562,-0.414,0,0,0,0,0,0,0,0,8,5,0
20250312_111908,2.563,-0.434,0,0,0,0,0,0,0,0,8,5,0
20250312_111908,2.563,-0.455,0,0,0,0,0,0,0,0,8,5,0
20250312_111908,2.564,-0.475,0,0,0,0,0,0,0,0,8,5,0
20250312_111908,2.565,-0.495,0,0,0,0,0,0,0,0,8,5,0
20250312_111908,2.565,-0.515,0,0,0,0,0,0,0,0,8,5,0
20250312_111908,2.566,-0.535,0,0,0,0,0,0,0,0,8,5,0
20250312_111908,2.566,-0.556,0,0,0,0,0,0,0,0,8,5,0
20250312_111908,2.567,-0.576,0,0,0,0,0,0,0,0,8,5,0
20250312_111908,2.568,-0.596,0,0,0,0,0,0,0,0,8,5,0
20250312_111908,2.568,-0.616,0,0,0,0,0,0,0,0,8,5,0
20250312_111908,2.569,-0.636,0,0,0,0,0,0,0,0,8,5,0
