20250312_100315,2.570,-0.657,0,0,0,0,0,0,0,0,8,0,0
20250312_100315,2.569,-0.636,0,0,0,0,0,0,0,0,8,0,0
20250312_100315,2.568,-0.616,0,0,0,0,0,0,0,0,8,0,0
20250312_100315,2.568,-0.596,0,0,0,0,0,0,0,0,8,0,0
20250312_100315,2.567,-0.576,0,0,0,0,0,0,0,0,8,0,0
20250312_100315,2.566,-0.556,0,0,0,0,0,0,0,0,8,0,0
20250312_100315,2.566,-0.535,0,0,0,0,0,0,0,0,8,0,0
20250312_100315,2.565,-0.515,0,0,0,0,0,0,0,0,8,0,0
20250312_100315,2.565,-0.495,0,0,0,0,0,0,0,0,8,0,0
20250312_100315,2.564,-0.475,0,0,0,0,0,0,0,0,8,0,0
20250312_100315,2.563,-0.455,0,0,0,0,0,0,0,0,8,0,0
20250312_100315,2.563,-0.434,0,0,0,0,0,0,0,0,8,0,0
20250312_100315,2.562,-0.414,0,0,0,0,0,0,0,0,8,0,0
20250312_100315,2.561,-0.394,0,0,0,0,0,0,0,0,8,0,0
20250312_100315,2.561,-0.374,0,0,0,0,0,0,0,0,8,0,0
20250312_100315,2.564,-0.353,0,0,0,0,0,0,0,0,8,0,0
20250312_100315,2.566,-0.332,0,0,0,0,0,0,0,0,8,0,0
20250312_100315,2.569,-0.311,0,0,0,0,0,0,0,0,8,0,0
20250312_100315,2.572,-0.290,0,0,0,0,0,0,0,0,8,0,0
20250312_100315,2.583,-0.264,0,0,0,0,0,0,0,0,8,0,0
20250312_100315,2.594,-0.237,0,0,0,0,0,0,0,0,8,0,0
20250312_100315,2.605,-0.211,0,0,0,0,0,0,0,0,8,0,0
20250312_100315,2.623,-0.187,0,0,0,0,0,0,0,0,8,0,0
20250312_100315,2.641,-0.163,0,0,0,0,0,0,0,0,8,0,0
20250312_100315,2.659,-0.140,0,0,0,0,0,0,0,0,8,0,0
20250312_100315,2.682,-0.120,0,0,0,0,0,0,0,0,8,0,0
20250312_100315,2.706,-0.100,0,0,0,0,0,0,0,0,8,0,0
20250312_100315,2.730,-0.080,0,0,0,0,0,0,0,0,8,0,0
20250312_100315,2.751,-0.069,0,0,0,0,0,0,0,0,8,0,0
20250312_100315,2.772,-0.058,0,0,0,0,0,0,0,0,8,0,0
20250312_100315,2.794,-0.047,0,0,0,0,0,0,0,0,8,0,0
20250312_100315,2.815,-0.035,0,0,0,0,0,0,0,0,8,0,0
20250312_100315,2.839,-0.028,0,0,0,0,0,0,0,0,8,0,0
20250312_100315,2.862,-0.021,0,0,0,0,0,0,0,0,8,0,0
20250312_100315,2.886,-0.015,0,0,0,0,0,0,0,0,8,0,0
20250312_100315,2.910,-0.008,0,0,0,0,0,0,0,0,8,0,0
20250312_100315,2.935,-0.005,0,0,0,0,0,0,0,0,8,0,0
20250312_100315,2.960,-0.003,0,0,0,0,0,0,0,0,8,0,0
20250312_100315,2.985,-0.001,0,0,0,0,0,0,0,0,8,0,0
20250312_100315,3.010,0.002,0,0,0,0,0,0,0,0,8,0,0
20250312_100315,3.031,0.001,0,0,0,0,0,0,0,0,0,0,0
20250312_100315,3.052,0.001,0,0,0,0,0,0,0,0,0,0,0
20250312_100315,3.073,0.000,0,0,0,0,0,0,0,0,0,0,0
20250312_100315,3.094,-0.000,0,0,0,0,0,0,0,0,0,0,0
20250312_100315,3.115,-0.001,0,0,0,0,0,0,0,0,0,0,0
20250312_100315,3.136,-0.001,0,0,0,0,0,0,0,0,0,0,0
20250312_100315,3.157,-0.002,0,0,0,0,0,0,0,0,0,0,0
20250312_100315,3.178,-0.002,0,0,0,0,0,0,0,0,0,0,0
20250312_100315,3.199,-0.003,0,0,0,0,0,0,0,0,0,0,0
20250312_100315,3.220,-0.003,0,0,0,0,0,0,0,0,0,0,0
20250312_100315,3.241,-0.004,0,0,0,0,0,0,0,0,0,0,0
20250312_100315,3.262,-0.005,0,0,0,0,0,0,0,0,0,0,0
20250312_100315,3.283,-0.005,0,0,0,0,0,0,0,0,0,0,0
20250312_100315,3.304,-0.006,0,0,0,0,0,0,0,0,0,0,0
20250312_100315,3.326,-0.005,0,0,0,0,0,0,0,0,8,0,0
20250312_100315,3.347,-0.005,0,0,0,0,0,0,0,0,8,0,0
20250312_100315,3.369,-0.005,0,0,0,0,0,0,0,0,8,0,0
20250312_100315,3.390,-0.005,0,0,0,0,0,0,0,0,8,0,0
20250312_100315,3.411,-0.005,0,0,0,0,0,0,0,0,8,0,0
20250312_100315,3.433,-0.005,0,0,0,0,0,0,0,0,8,0,0
20250312_100315,3.456,-0.014,0,0,0,0,0,0,0,0,8,0,0
20250312_100315,3.479,-0.022,0,0,0,0,0,0,0,0,8,0,0
20250312_100315,3.503,-0.031,0,0,0,0,0,0,0,0,8,0,0
20250312_100315,3.526,-0.040,0,0,0,0,0,0,0,0,8,0,0
20250312_100315,3.552,-0.059,0,0,0,0,0,0,0,0,8,0,0
20250312_100315,3.579,-0.078,0,0,0,0,0,0,0,0,8,0,0
20250312_100315,3.606,-0.097,0,0,0,0,0,0,0,0,8,0,0
20250312_100315,3.626,-0.122,0,0,0,0,0,0,0,0,8,0,0
20250312_100315,3.647,-0.146,0,0,0,0,0,0,0,0,8,0,0
20250312_100315,3.667,-0.171,0,0,0,0,0,0,0,0,8,0,0
20250312_100315,3.677,-0.193,0,0,0,0,0,0,0,0,8,0,0
20250312_100315,3.686,-0.214,0,0,0,0,0,0,0,0,8,0,0
20250312_100315,3.696,-0.236,0,0,0,0,0,0,0,0,8,0,0
20250312_100315,3.705,-0.257,0,0,0,0,0,0,0,0,8,0,0
20250312_100315,3.709,-0.280,0,0,0,0,0,0,0,0,8,0,0
20250312_100315,3.712,-0.303,0,0,0,0,0,0,0,0,8,0,0
20250312_100315,3.715,-0.326,0,0,0,0,0,0,0,0,8,0,0
20250312_100315,3.719,-0.350,0,0,0,0,0,0,0,0,8,0,0
20250312_100315,3.719,-0.370,0,0,0,0,0,0,0,0,8,0,0
20250312_100315,3.719,-0.390,0,0,0,0,0,0,0,0,8,0,0
20250312_100315,3.719,-0.411,0,0,0,0,0,0,0,0,8,0,0
20250312_100315,3.720,-0.431,0,0,0,0,0,0,0,0,8,0,0
20250312_100315,3.720,-0.452,0,0,0,0,0,0,0,0,8,0,0
20250312_100315,3.720,-0.472,0,0,0,0,0,0,0,0,8,0,0
20250312_100315,3.720,-0.493,0,0,0,0,0,0,0,0,8,0,0
20250312_100315,3.721,-0.513,0,0,0,0,0,0,0,0,8,0,0
20250312_100315,3.721,-0.534,0,0,0,0,0,0,0,0,8,0,0
20250312_100315,3.721,-0.554,0,0,0,0,0,0,0,0,8,0,0
20250312_100315,3.721,-0.575,0,0,0,0,0,0,0,0,8,0,0
20250312_100315,3.722,-0.595,0,0,0,0,0,0,0,0,8,0,0
20250312_100315,3.722,-0.616,0,0,0,0,0,0,0,0,8,0,0
20250312_100315,3.722,-0.636,0,0,0,0,0,0,0,0,8,0,0
20250312_100315,3.723,-0.656,0,0,0,0,0,0,0,0,8,0,0
20250312_100315,3.723,-0.677,0,0,0,0,0,0,0,0,8,0,0
20250312_100315,3.723,-0.697,0,0,0,0,0,0,0,0,8,0,0
20250312_100315,3.723,-0.718,0,0,0,0,0,0,0,0,8,0,0
20250312_100315,3.724,-0.738,0,0,0,0,0,0,0,0,8,0,0
20250312_100315,3.721,-0.760,0,0,0,0,0,0,0,0,8,0,0
20250312_100315,3.719,-0.781,0,0,0,0,0,0,0,0,8,0,0
20250312_100315,3.716,-0.803,0,0,0,0,0,0,0,0,8,0,0
20250312_100315,3.713,-0.825,0,0,0,0,0,0,0,0,8,0,0
20250312_100315,3.711,-0.846,0,0,0,0,0,0,0,0,8,0,0
20250312_100315,3.703,-0.866,0,0,0,0,0,0,0,0,8,0,0
20250312_100315,3.696,-0.886,0,0,0,0,0,0,0,0,8,0,0
20250312_100315,3.689,-0.907,0,0,0,0,0,0,0,0,8,0,0
20250312_100315,3.681,-0.927,0,0,0,0,0,0,0,0,8,0,0
20250312_100315,3.674,-0.947,0,0,0,0,0,0,0,0,8,0,0
20250312_100315,3.659,-0.968,0,0,0,0,0,0,0,0,8,0,0
20250312_100315,3.644,-0.990,0,0,0,0,0,0,0,0,8,0,0
20250312_100315,3.629,-1.012,0,0,0,0,0,0,0,0,8,0,0
20250312_100315,3.615,-1.033,0,0,0,0,0,0,0,0,8,0,0
20250312_100315,3.589,-1.055,0,0,0,0,0,0,0,0,8,0,0
20250312_100315,3.563,-1.077,0,0,0,0,0,0,0,0,8,0,0
20250312_100315,3.538,-1.100,0,0,0,0,0,0,0,0,8,0,0
20250312_100315,3.515,-1.110,0,0,0,0,0,0,0,0,8,0,0
20250312_100315,3.493,-1.120,0,0,0,0,0,0,0,0,8,0,0
20250312_100315,3.470,-1.131,0,0,0,0,0,0,0,0,8,0,0
20250312_100315,3.448,-1.141,0,0,0,0,0,0,0,0,8,0,0
20250312_100315,3.424,-1.145,0,0,0,0,0,0,0,0,8,0,0
20250312_100315,3.400,-1.148,0,0,0,0,0,0,0,0,8,0,0
20250312_100315,3.376,-1.152,0,0,0,0,0,0,0,0,8,0,0
20250312_100315,3.352,-1.155,0,0,0,0,0,0,0,0,8,0,0
20250312_100315,3.331,-1.155,0,0,0,0,0,0,0,0,0,0,0
20250312_100315,3.311,-1.155,0,0,0,0,0,0,0,0,0,0,0
20250312_100315,3.291,-1.155,0,0,0,0,0,0,0,0,0,0,0
20250312_100315,3.270,-1.155,0,0,0,0,0,0,0,0,0,0,0
20250312_100315,3.250,-1.155,0,0,0,0,0,0,0,0,0,0,0
20250312_100315,3.230,-1.155,0,0,0,0,0,0,0,0,0,0,0
20250312_100315,3.209,-1.155,0,0,0,0,0,0,0,0,0,0,0
20250312_100315,3.189,-1.155,0,0,0,0,0,0,0,0,0,0,0
20250312_100315,3.169,-1.155,0,0,0,0,0,0,0,0,0,0,0
20250312_100315,3.148,-1.155,0,0,0,0,0,0,0,0,0,0,0
20250312_100315,3.128,-1.155,0,0,0,0,0,0,0,0,0,0,0
20250312_100315,3.108,-1.155,0,0,0,0,0,0,0,0,0,0,0
20250312_100315,3.087,-1.155,0,0,0,0,0,0,0,0,0,0,0
20250312_100315,3.067,-1.155,0,0,0,0,0,0,0,0,0,0,0
20250312_100315,3.047,-1.155,0,0,0,0,0,0,0,0,0,0,0
20250312_100315,3.026,-1.154,0,0,0,0,0,0,0,0,0,0,0
20250312_100315,3.006,-1.154,0,0,0,0,0,0,0,0,0,0,0
20250312_100315,2.986,-1.154,0,0,0,0,0,0,0,0,0,0,0
20250312_100315,2.966,-1.154,0,0,0,0,0,0,0,0,0,0,0
20250312_100315,2.945,-1.154,0,0,0,0,0,0,0,0,0,0,0
20250312_100315,2.925,-1.154,0,0,0,0,0,0,0,0,0,0,0
20250312_100315,2.905,-1.154,0,0,0,0,0,0,0,0,0,0,0
20250312_100315,2.884,-1.154,0,0,0,0,0,0,0,0,0,0,0
20250312_100315,2.864,-1.154,0,0,0,0,0,0,0,0,0,0,0
20250312_100315,2.844,-1.154,0,0,0,0,0,0,0,0,0,0,0
20250312_100315,2.823,-1.154,0,0,0,0,0,0,0,0,0,0,0
20250312_100315,2.803,-1.154,0,0,0,0,0,0,0,0,0,0,0
20250312_100315,2.783,-1.154,0,0,0,0,0,0,0,0,0,0,0
20250312_100315,2.762,-1.154,0,0,0,0,0,0,0,0,0,0,0
20250312_100315,2.742,-1.154,0,0,0,0,0,0,0,0,0,0,0
20250312_100315,2.722,-1.154,0,0,0,0,0,0,0,0,0,0,0
20250312_100315,2.701,-1.154,0,0,0,0,0,0,0,0,0,0,0
20250312_100315,2.681,-1.154,0,0,0,0,0,0,0,0,0,0,0
20250312_100315,2.661,-1.153,0,0,0,0,0,0,0,0,0,0,0
20250312_100315,2.640,-1.153,0,0,0,0,0,0,0,0,0,0,0
20250312_100315,2.620,-1.153,0,0,0,0,0,0,0,0,0,0,0
20250312_100315,2.600,-1.153,0,0,0,0,0,0,0,0,0,0,0
20250312_100315,2.580,-1.153,0,0,0,0,0,0,0,0,0,0,0
20250312_100315,2.559,-1.153,0,0,0,0,0,0,0,0,0,0,0
20250312_100315,2.539,-1.153,0,0,0,0,0,0,0,0,0,0,0
20250312_100315,2.519,-1.153,0,0,0,0,0,0,0,0,0,0,0
20250312_100315,2.499,-1.153,0,0,0,0,0,0,0,0,0,0,0
20250312_100315,2.479,-1.153,0,0,0,0,0,0,0,0,0,0,0
20250312_100315,2.459,-1.153,0,0,0,0,0,0,0,0,0,0,0
20250312_100315,2.439,-1.153,0,0,0,0,0,0,0,0,0,0,0
20250312_100315,2.418,-1.153,0,0,0,0,0,0,0,0,0,0,0
20250312_100315,2.398,-1.153,0,0,0,0,0,0,0,0,0,0,0
20250312_100315,2.378,-1.153,0,0,0,0,0,0,0,0,0,0,0
20250312_100315,2.358,-1.153,0,0,0,0,0,0,0,0,0,0,0
20250312_100315,2.338,-1.153,0,0,0,0,0,0,0,0,0,0,0
20250312_100315,2.318,-1.154,0,0,0,0,0,0,0,0,0,0,0
20250312_100315,2.298,-1.154,0,0,0,0,0,0,0,0,0,0,0
20250312_100315,2.278,-1.154,0,0,0,0,0,0,0,0,0,0,0
20250312_100315,2.258,-1.154,0,0,0,0,0,0,0,0,0,0,0
20250312_100315,2.238,-1.154,0,0,0,0,0,0,0,0,0,0,0
20250312_100315,2.218,-1.154,0,0,0,0,0,0,0,0,0,0,0
20250312_100315,2.198,-1.154,0,0,0,0,0,0,0,0,0,0,0
20250312_100315,2.178,-1.154,0,0,0,0,0,0,0,0,0,0,0
20250312_100315,2.157,-1.154,0,0,0,0,0,0,0,0,0,0,0
20250312_100315,2.137,-1.154,0,0,0,0,0,0,0,0,0,0,0
20250312_100315,2.117,-1.154,0,0,0,0,0,0,0,0,0,0,0
20250312_100315,2.097,-1.154,0,0,0,0,0,0,0,0,0,0,0
20250312_100315,2.077,-1.154,0,0,0,0,0,0,0,0,0,0,0
20250312_100315,2.057,-1.154,0,0,0,0,0,0,0,0,0,0,0
20250312_100315,2.037,-1.154,0,0,0,0,0,0,0,0,0,0,0
20250312_100315,2.017,-1.154,0,0,0,0,0,0,0,0,0,0,0
20250312_100315,1.997,-1.154,0,0,0,0,0,0,0,0,0,0,0
20250312_100315,1.977,-1.154,0,0,0,0,0,0,0,0,0,0,0
20250312_100315,1.957,-1.154,0,0,0,0,0,0,0,0,0,0,0
20250312_100315,1.937,-1.154,0,0,0,0,0,0,0,0,0,0,0
20250312_100315,1.917,-1.154,0,0,0,0,0,0,0,0,0,0,0
20250312_100315,1.896,-1.154,0,0,0,0,0,0,0,0,0,0,0
20250312_100315,1.876,-1.154,0,0,0,0,0,0,0,0,0,0,0
20250312_100315,1.856,-1.154,0,0,0,0,0,0,0,0,0,0,0
20250312_100315,1.836,-1.154,0,0,0,0,0,0,0,0,0,0,0
20250312_100315,1.816,-1.155,0,0,0,0,0,0,0,0,0,0,0
20250312_100315,1.796,-1.155,0,0,0,0,0,0,0,0,0,0,0
20250312_100315,1.776,-1.155,0,0,0,0,0,0,0,0,0,0,0
20250312_100315,1.756,-1.155,0,0,0,0,0,0,0,0,0,0,0
20250312_100315,1.736,-1.155,0,0,0,0,0,0,0,0,0,0,0
20250312_100315,1.716,-1.155,0,0,0,0,0,0,0,0,0,0,0
20250312_100315,1.696,-1.155,0,0,0,0,0,0,0,0,0,0,0
20250312_100315,1.676,-1.155,0,0,0,0,0,0,0,0,0,0,0
20250312_100315,1.656,-1.155,0,0,0,0,0,0,0,0,0,0,0
20250312_100315,1.635,-1.155,0,0,0,0,0,0,0,0,0,0,0
20250312_100315,1.615,-1.155,0,0,0,0,0,0,0,0,0,0,0
20250312_100315,1.595,-1.155,0,0,0,0,0,0,0,0,0,0,0
20250312_100315,1.575,-1.155,0,0,0,0,0,0,0,0,0,0,0
20250312_100315,1.555,-1.155,0,0,0,0,0,0,0,0,0,0,0
20250312_100315,1.535,-1.155,0,0,0,0,0,0,0,0,0,0,0
20250312_100315,1.515,-1.155,0,0,0,0,0,0,0,0,0,0,0
20250312_100315,1.495,-1.155,0,0,0,0,0,0,0,0,0,0,0
20250312_100315,1.475,-1.155,0,0,0,0,0,0,0,0,0,0,0
20250312_100315,1.455,-1.155,0,0,0,0,0,0,0,0,0,0,0
20250312_100315,1.435,-1.155,0,0,0,0,0,0,0,0,0,0,0
20250312_100315,1.415,-1.155,0,0,0,0,0,0,0,0,0,0,0
20250312_100315,1.394,-1.155,0,0,0,0,0,0,0,0,0,0,0
20250312_100315,1.374,-1.155,0,0,0,0,0,0,0,0,0,0,0
20250312_100315,1.354,-1.155,0,0,0,0,0,0,0,0,0,0,0
20250312_100315,1.334,-1.155,0,0,0,0,0,0,0,0,0,0,0
20250312_100315,1.314,-1.155,0,0,0,0,0,0,0,0,0,0,0
20250312_100315,1.294,-1.156,0,0,0,0,0,0,0,0,0,0,0
20250312_100315,1.274,-1.156,0,0,0,0,0,0,0,0,0,0,0
20250312_100315,1.254,-1.156,0,0,0,0,0,0,0,0,0,0,0
20250312_100315,1.234,-1.156,0,0,0,0,0,0,0,0,0,0,0
20250312_100315,1.214,-1.156,0,0,0,0,0,0,0,0,0,0,0
20250312_100315,1.194,-1.156,0,0,0,0,0,0,0,0,0,0,0
20250312_100315,1.173,-1.156,0,0,0,0,0,0,0,0,0,0,0
20250312_100315,1.153,-1.156,0,0,0,0,0,0,0,0,0,0,0
20250312_100315,1.133,-1.156,0,0,0,0,0,0,0,0,0,0,0
20250312_100315,1.112,-1.156,0,0,0,0,0,0,0,0,0,0,0
20250312_100315,1.092,-1.156,0,0,0,0,0,0,0,0,0,0,0
20250312_100315,1.071,-1.156,0,0,0,0,0,0,0,0,0,0,0
20250312_100315,1.051,-1.156,0,0,0,0,0,0,0,0,0,0,0
20250312_100315,1.031,-1.156,0,0,0,0,0,0,0,0,0,0,0
20250312_100315,1.010,-1.156,0,0,0,0,0,0,0,0,0,0,0
20250312_100315,0.990,-1.156,0,0,0,0,0,0,0,0,0,0,0
20250312_100315,0.969,-1.156,0,0,0,0,0,0,0,0,0,0,0
20250312_100315,0.949,-1.157,0,0,0,0,0,0,0,0,0,0,0
20250312_100315,0.929,-1.157,0,0,0,0,0,0,0,0,0,0,0
20250312_100315,0.908,-1.157,0,0,0,0,0,0,0,0,0,0,0
20250312_100315,0.888,-1.157,0,0,0,0,0,0,0,0,0,0,0
20250312_100315,0.868,-1.157,0,0,0,0,0,0,0,0,0,0,0
20250312_100315,0.847,-1.157,0,0,0,0,0,0,0,0,0,0,0
20250312_100315,0.827,-1.157,0,0,0,0,0,0,0,0,0,0,0
20250312_100315,0.806,-1.157,0,0,0,0,0,0,0,0,0,0,0
20250312_100315,0.786,-1.157,0,0,0,0,0,0,0,0,0,0,0
20250312_100315,0.766,-1.157,0,0,0,0,0,0,0,0,0,0,0
20250312_100315,0.745,-1.157,0,0,0,0,0,0,0,0,0,0,0
20250312_100315,0.725,-1.157,0,0,0,0,0,0,0,0,0,0,0
20250312_100315,0.704,-1.157,0,0,0,0,0,0,0,0,0,0,0
20250312_100315,0.684,-1.157,0,0,0,0,0,0,0,0,0,0,0
20250312_100315,0.664,-1.158,0,0,0,0,0,0,0,0,0,0,0
20250312_100315,0.643,-1.158,0,0,0,0,0,0,0,0,0,0,0
20250312_100315,0.623,-1.158,0,0,0,0,0,0,0,0,0,0,0
20250312_100315,0.602,-1.158,0,0,0,0,0,0,0,0,0,0,0
20250312_100315,0.582,-1.158,0,0,0,0,0,0,0,0,0,0,0
20250312_100315,0.562,-1.158,0,0,0,0,0,0,0,0,0,0,0
20250312_100315,0.541,-1.158,0,0,0,0,0,0,0,0,0,0,0
20250312_100315,0.521,-1.158,0,0,0,0,0,0,0,0,0,0,0
20250312_100315,0.501,-1.158,0,0,0,0,0,0,0,0,0,0,0
20250312_100315,0.480,-1.158,0,0,0,0,0,0,0,0,0,0,0
20250312_100315,0.460,-1.158,0,0,0,0,0,0,0,0,0,0,0
20250312_100315,0.439,-1.158,0,0,0,0,0,0,0,0,0,0,0
20250312_100315,0.419,-1.158,0,0,0,0,0,0,0,0,0,0,0
20250312_100315,0.398,-1.156,0,0,0,0,0,0,0,0,8,0,0
20250312_100315,0.376,-1.154,0,0,0,0,0,0,0,0,8,0,0
20250312_100315,0.355,-1.152,0,0,0,0,0,0,0,0,8,0,0
20250312_100315,0.334,-1.150,0,0,0,0,0,0,0,0,8,0,0
20250312_100315,0.313,-1.148,0,0,0,0,0,0,0,0,8,0,0
20250312_100315,0.292,-1.142,0,0,0,0,0,0,0,0,8,0,0
20250312_100315,0.272,-1.136,0,0,0,0,0,0,0,0,8,0,0
20250312_100315,0.252,-1.130,0,0,0,0,0,0,0,0,8,0,0
20250312_100315,0.232,-1.124,0,0,0,0,0,0,0,0,8,0,0
20250312_100315,0.211,-1.118,0,0,0,0,0,0,0,0,8,0,0
20250312_100315,0.189,-1.106,0,0,0,0,0,0,0,0,8,0,0
20250312_100315,0.166,-1.094,0,0,0,0,0,0,0,0,8,0,0
20250312_100315,0.143,-1.082,0,0,0,0,0,0,0,0,8,0,0
20250312_100315,0.121,-1.070,0,0,0,0,0,0,0,0,8,0,0
20250312_100315,0.095,-1.048,0,0,0,0,0,0,0,0,8,0,0
20250312_100315,0.070,-1.027,0,0,0,0,0,0,0,0,8,0,0
20250312_100315,0.045,-1.006,0,0,0,0,0,0,0,0,8,0,0
20250312_100315,0.026,-0.980,0,0,0,0,0,0,0,0,8,0,0
20250312_100315,0.007,-0.954,0,0,0,0,0,0,0,0,8,0,0
20250312_100315,-0.012,-0.929,0,0,0,0,0,0,0,0,8,0,0
20250312_100315,-0.021,-0.907,0,0,0,0,0,0,0,0,8,0,0
20250312_100315,-0.030,-0.886,0,0,0,0,0,0,0,0,8,0,0
20250312_100315,-0.039,-0.864,0,0,0,0,0,0,0,0,8,0,0
20250312_100315,-0.048,-0.843,0,0,0,0,0,0,0,0,8,0,0
20250312_100315,-0.051,-0.820,0,0,0,0,0,0,0,0,8,0,0
20250312_100315,-0.054,-0.798,0,0,0,0,0,0,0,0,8,0,0
20250312_100315,-0.057,-0.775,0,0,0,0,0,0,0,0,8,0,0
20250312_100315,-0.060,-0.753,0,0,0,0,0,0,0,0,8,0,0
20250312_100315,-0.059,-0.733,0,0,0,0,0,0,0,0,8,0,0
20250312_100315,-0.058,-0.712,0,0,0,0,0,0,0,0,8,0,0
20250312_100315,-0.058,-0.692,0,0,0,0,0,0,0,0,8,0,0
20250312_100315,-0.057,-0.672,0,0,0,0,0,0,0,0,8,0,0
20250312_100315,-0.056,-0.652,0,0,0,0,0,0,0,0,8,0,0
20250312_100315,-0.056,-0.632,0,0,0,0,0,0,0,0,8,0,0
20250312_100315,-0.055,-0.611,0,0,0,0,0,0,0,0,8,0,0
20250312_100315,-0.055,-0.591,0,0,0,0,0,0,0,0,8,0,0
20250312_100315,-0.054,-0.571,0,0,0,0,0,0,0,0,8,0,0
20250312_100315,-0.053,-0.551,0,0,0,0,0,0,0,0,8,0,0
20250312_100315,-0.053,-0.531,0,0,0,0,0,0,0,0,8,0,0
20250312_100315,-0.052,-0.510,0,0,0,0,0,0,0,0,8,0,0
20250312_100315,-0.051,-0.490,0,0,0,0,0,0,0,0,8,0,0
20250312_100315,-0.051,-0.470,0,0,0,0,0,0,0,0,8,0,0
20250312_100315,-0.050,-0.450,0,0,0,0,0,0,0,0,8,0,0
20250312_100315,-0.050,-0.430,0,0,0,0,0,0,0,0,8,0,0
20250312_100315,-0.049,-0.409,0,0,0,0,0,0,0,0,8,0,0
20250312_100315,-0.048,-0.389,0,0,0,0,0,0,0,0,8,0,0
20250312_100315,-0.048,-0.369,0,0,0,0,0,0,0,0,8,0,0
20250312_100315,-0.044,-0.345,0,0,0,0,0,0,0,0,8,0,0
20250312_100315,-0.041,-0.322,0,0,0,0,0,0,0,0,8,0,0
20250312_100315,-0.037,-0.299,0,0,0,0,0,0,0,0,8,0,0
20250312_100315,-0.033,-0.275,0,0,0,0,0,0,0,0,8,0,0
20250312_100315,-0.030,-0.252,0,0,0,0,0,0,0,0,8,0,0
20250312_100315,-0.019,-0.231,0,0,0,0,0,0,0,0,8,0,0
20250312_100315,-0.009,-0.210,0,0,0,0,0,0,0,0,8,0,0
20250312_100315,0.001,-0.188,0,0,0,0,0,0,0,0,8,0,0
20250312_100315,0.012,-0.167,0,0,0,0,0,0,0,0,8,0,0
20250312_100315,0.022,-0.146,0,0,0,0,0,0,0,0,8,0,0
20250312_100315,0.042,-0.125,0,0,0,0,0,0,0,0,8,0,0
20250312_100315,0.062,-0.104,0,0,0,0,0,0,0,0,8,0,0
20250312_100315,0.083,-0.083,0,0,0,0,0,0,0,0,8,0,0
20250312_100315,0.103,-0.062,0,0,0,0,0,0,0,0,8,0,0
20250312_100315,0.123,-0.051,0,0,0,0,0,0,0,0,8,0,0
20250312_100315,0.143,-0.041,0,0,0,0,0,0,0,0,8,0,0
20250312_100315,0.164,-0.030,0,0,0,0,0,0,0,0,8,0,0
20250312_100315,0.184,-0.019,0,0,0,0,0,0,0,0,8,0,0
20250312_100315,0.204,-0.008,0,0,0,0,0,0,0,0,8,0,0
20250312_100315,0.227,-0.005,0,0,0,0,0,0,0,0,8,0,0
20250312_100315,0.249,-0.001,0,0,0,0,0,0,0,0,8,0,0
20250312_100315,0.272,0.003,0,0,0,0,0,0,0,0,8,0,0
20250312_100315,0.295,0.006,0,0,0,0,0,0,0,0,8,0,0
20250312_100315,0.317,0.010,0,0,0,0,0,0,0,0,8,0,0
20250312_100315,0.337,0.010,0,0,0,0,0,0,0,0,0,0,0
20250312_100315,0.358,0.010,0,0,0,0,0,0,0,0,0,0,0
20250312_100315,0.378,0.010,0,0,0,0,0,0,0,0,0,0,0
20250312_100315,0.398,0.010,0,0,0,0,0,0,0,0,0,0,0
20250312_100315,0.418,0.010,0,0,0,0,0,0,0,0,0,0,0
20250312_100315,0.439,0.010,0,0,0,0,0,0,0,0,0,0,0
20250312_100315,0.459,0.010,0,0,0,0,0,0,0,0,0,0,0
20250312_100315,0.479,0.010,0,0,0,0,0,0,0,0,0,0,0
20250312_100315,0.499,0.010,0,0,0,0,0,0,0,0,0,0,0
20250312_100315,0.520,0.010,0,0,0,0,0,0,0,0,0,0,0
20250312_100315,0.540,0.010,0,0,0,0,0,0,0,0,0,0,0
20250312_100315,0.560,0.010,0,0,0,0,0,0,0,0,0,0,0
20250312_100315,0.580,0.010,0,0,0,0,0,0,0,0,0,0,0
20250312_100315,0.601,0.010,0,0,0,0,0,0,0,0,0,0,0
20250312_100315,0.621,0.010,0,0,0,0,0,0,0,0,0,0,0
20250312_100315,0.641,0.010,0,0,0,0,0,0,0,0,0,0,0
20250312_100315,0.661,0.010,0,0,0,0,0,0,0,0,0,0,0
20250312_100315,0.682,0.010,0,0,0,0,0,0,0,0,0,0,0
20250312_100315,0.702,0.010,0,0,0,0,0,0,0,0,0,0,0
20250312_100315,0.722,0.010,0,0,0,0,0,0,0,0,0,0,0
20250312_100315,0.742,0.010,0,0,0,0,0,0,0,0,0,0,0
20250312_100315,0.763,0.010,0,0,0,0,0,0,0,0,0,0,0
20250312_100315,0.783,0.010,0,0,0,0,0,0,0,0,0,0,0
20250312_100315,0.803,0.010,0,0,0,0,0,0,0,0,0,0,0
20250312_100315,0.823,0.010,0,0,0,0,0,0,0,0,0,0,0
20250312_100315,0.844,0.010,0,0,0,0,0,0,0,0,0,0,0
20250312_100315,0.864,0.010,0,0,0,0,0,0,0,0,0,0,0
20250312_100315,0.884,0.010,0,0,0,0,0,0,0,0,0,0,0
20250312_100315,0.904,0.010,0,0,0,0,0,0,0,0,0,0,0
20250312_100315,0.925,0.010,0,0,0,0,0,0,0,0,0,0,0
20250312_100315,0.945,0.010,0,0,0,0,0,0,0,0,0,0,0
20250312_100315,0.965,0.010,0,0,0,0,0,0,0,0,0,0,0
20250312_100315,0.985,0.010,0,0,0,0,0,0,0,0,0,0,0
20250312_100315,1.005,0.010,0,0,0,0,0,0,0,0,0,0,0
20250312_100315,1.026,0.010,0,0,0,0,0,0,0,0,0,0,0
20250312_100315,1.046,0.010,0,0,0,0,0,0,0,0,0,0,0
20250312_100315,1.066,0.010,0,0,0,0,0,0,0,0,0,0,0
20250312_100315,1.086,0.010,0,0,0,0,0,0,0,0,0,0,0
20250312_100315,1.107,0.010,0,0,0,0,0,0,0,0,0,0,0
20250312_100315,1.127,0.010,0,0,0,0,0,0,0,0,0,0,0
20250312_100315,1.147,0.010,0,0,0,0,0,0,0,0,0,0,0
20250312_100315,1.167,0.010,0,0,0,0,0,0,0,0,0,0,0
20250312_100315,1.188,0.010,0,0,0,0,0,0,0,0,0,0,0
20250312_100315,1.208,0.010,0,0,0,0,0,0,0,0,0,0,0
20250312_100315,1.228,0.010,0,0,0,0,0,0,0,0,0,0,0
20250312_100315,1.248,0.010,0,0,0,0,0,0,0,0,0,0,0
20250312_100315,1.268,0.010,0,0,0,0,0,0,0,0,0,0,0
20250312_100315,1.288,0.010,0,0,0,0,0,0,0,0,0,0,0
20250312_100315,1.309,0.010,0,0,0,0,0,0,0,0,0,0,0
20250312_100315,1.329,0.010,0,0,0,0,0,0,0,0,0,0,0
20250312_100315,1.349,0.010,0,0,0,0,0,0,0,0,0,0,0
20250312_100315,1.369,0.010,0,0,0,0,0,0,0,0,0,0,0
20250312_100315,1.389,0.010,0,0,0,0,0,0,0,0,0,0,0
20250312_100315,1.409,0.010,0,0,0,0,0,0,0,0,0,0,0
20250312_100315,1.429,0.010,0,0,0,0,0,0,0,0,0,0,0
20250312_100315,1.449,0.010,0,0,0,0,0,0,0,0,0,0,0
20250312_100315,1.470,0.010,0,0,0,0,0,0,0,0,0,0,0
20250312_100315,1.490,0.010,0,0,0,0,0,0,0,0,0,0,0
20250312_100315,1.510,0.010,0,0,0,0,0,0,0,0,0,0,0
20250312_100315,1.530,0.010,0,0,0,0,0,0,0,0,0,0,0
20250312_100315,1.550,0.010,0,0,0,0,0,0,0,0,0,0,0
20250312_100315,1.570,0.010,0,0,0,0,0,0,0,0,0,0,0
20250312_100315,1.590,0.010,0,0,0,0,0,0,0,0,0,0,0
20250312_100315,1.610,0.010,0,0,0,0,0,0,0,0,0,0,0
20250312_100315,1.630,0.010,0,0,0,0,0,0,0,0,0,0,0
20250312_100315,1.651,0.010,0,0,0,0,0,0,0,0,0,0,0
20250312_100315,1.671,0.010,0,0,0,0,0,0,0,0,0,0,0
20250312_100315,1.691,0.010,0,0,0,0,0,0,0,0,0,0,0
20250312_100315,1.711,0.010,0,0,0,0,0,0,0,0,0,0,0
20250312_100315,1.731,0.010,0,0,0,0,0,0,0,0,0,0,0
20250312_100315,1.751,0.010,0,0,0,0,0,0,0,0,0,0,0
20250312_100315,1.771,0.010,0,0,0,0,0,0,0,0,0,0,0
20250312_100315,1.791,0.010,0,0,0,0,0,0,0,0,0,0,0
20250312_100315,1.812,0.010,0,0,0,0,0,0,0,0,0,0,0
20250312_100315,1.832,0.010,0,0,0,0,0,0,0,0,0,0,0
20250312_100315,1.852,0.010,0,0,0,0,0,0,0,0,0,0,0
20250312_100315,1.872,0.010,0,0,0,0,0,0,0,0,0,0,0
20250312_100315,1.892,0.010,0,0,0,0,0,0,0,0,0,0,0
20250312_100315,1.912,0.010,0,0,0,0,0,0,0,0,0,0,0
20250312_100315,1.932,0.010,0,0,0,0,0,0,0,0,0,0,0
20250312_100315,1.952,0.010,0,0,0,0,0,0,0,0,0,0,0
20250312_100315,1.973,0.010,0,0,0,0,0,0,0,0,0,0,0
20250312_100315,1.993,0.010,0,0,0,0,0,0,0,0,0,0,0
20250312_100315,2.013,0.010,0,0,0,0,0,0,0,0,0,0,0
20250312_100315,2.033,0.010,0,0,0,0,0,0,0,0,0,0,0
20250312_100315,2.053,0.010,0,0,0,0,0,0,0,0,0,0,0
20250312_100315,2.073,0.010,0,0,0,0,0,0,0,0,0,0,0
20250312_100315,2.093,0.010,0,0,0,0,0,0,0,0,0,0,0
20250312_100315,2.113,0.010,0,0,0,0,0,0,0,0,0,0,0
20250312_100315,2.133,0.010,0,0,0,0,0,0,0,0,0,0,0
20250312_100315,2.154,0.010,0,0,0,0,0,0,0,0,0,0,0
20250312_100315,2.174,0.010,0,0,0,0,0,0,0,0,0,0,0
20250312_100315,2.194,0.010,0,0,0,0,0,0,0,0,0,0,0
20250312_100315,2.214,0.010,0,0,0,0,0,0,0,0,0,0,0
20250312_100315,2.234,0.010,0,0,0,0,0,0,0,0,0,0,0
20250312_100315,2.254,0.010,0,0,0,0,0,0,0,0,0,0,0
20250312_100315,2.274,0.010,0,0,0,0,0,0,0,0,0,0,0
20250312_100315,2.294,0.010,0,0,0,0,0,0,0,0,0,0,0
20250312_100315,2.315,0.010,0,0,0,0,0,0,0,0,0,0,0
20250312_100315,2.335,0.010,0,0,0,0,0,0,0,0,0,0,0
20250312_100315,2.355,0.010,0,0,0,0,0,0,0,0,0,0,0
20250312_100315,2.375,0.010,0,0,0,0,0,0,0,0,0,0,0
20250312_100315,2.395,0.010,0,0,0,0,0,0,0,0,0,0,0
20250312_100315,2.415,0.010,0,0,0,0,0,0,0,0,0,0,0
20250312_100315,2.435,0.010,0,0,0,0,0,0,0,0,0,0,0
20250312_100315,2.455,0.010,0,0,0,0,0,0,0,0,0,0,0
20250312_100315,2.476,0.010,0,0,0,0,0,0,0,0,0,0,0
20250312_100315,2.496,0.010,0,0,0,0,0,0,0,0,0,0,0
20250312_100315,2.516,0.010,0,0,0,0,0,0,0,0,0,0,0
20250312_100315,2.536,0.010,0,0,0,0,0,0,0,0,0,0,0
20250312_100315,2.556,0.010,0,0,0,0,0,0,0,0,0,0,0
20250312_100315,2.577,0.010,0,0,0,0,0,0,0,0,0,0,0
20250312_100315,2.597,0.009,0,0,0,0,0,0,0,0,0,0,0
20250312_100315,2.618,0.009,0,0,0,0,0,0,0,0,0,0,0
20250312_100315,2.639,0.009,0,0,0,0,0,0,0,0,0,0,0
20250312_100315,2.659,0.008,0,0,0,0,0,0,0,0,0,0,0
20250312_100315,2.680,0.008,0,0,0,0,0,0,0,0,0,0,0
20250312_100315,2.700,0.008,0,0,0,0,0,0,0,0,0,0,0
20250312_100315,2.721,0.007,0,0,0,0,0,0,0,0,0,0,0
20250312_100315,2.742,0.007,0,0,0,0,0,0,0,0,0,0,0
20250312_100315,2.762,0.006,0,0,0,0,0,0,0,0,0,0,0
20250312_100315,2.783,0.006,0,0,0,0,0,0,0,0,0,0,0
20250312_100315,2.804,0.006,0,0,0,0,0,0,0,0,0,0,0
20250312_100315,2.824,0.005,0,0,0,0,0,0,0,0,0,0,0
20250312_100315,2.845,0.005,0,0,0,0,0,0,0,0,0,0,0
20250312_100315,2.865,0.004,0,0,0,0,0,0,0,0,0,0,0
20250312_100315,2.886,0.004,0,0,0,0,0,0,0,0,0,0,0
20250312_100315,2.907,0.004,0,0,0,0,0,0,0,0,0,0,0
20250312_100315,2.927,0.003,0,0,0,0,0,0,0,0,0,0,0
20250312_100315,2.948,0.003,0,0,0,0,0,0,0,0,0,0,0
20250312_100315,2.969,0.003,0,0,0,0,0,0,0,0,0,0,0
20250312_100315,2.989,0.002,0,0,0,0,0,0,0,0,0,0,0
20250312_100315,3.010,0.002,0,0,0,0,0,0,0,0,0,0,0
20250312_100315,2.985,-0.001,0,0,0,0,0,0,0,0,8,5,0
20250312_100315,2.960,-0.003,0,0,0,0,0,0,0,0,8,5,0
20250312_100315,2.935,-0.005,0,0,0,0,0,0,0,0,8,5,0
20250312_100315,2.910,-0.008,0,0,0,0,0,0,0,0,8,5,0
20250312_100315,2.886,-0.015,0,0,0,0,0,0,0,0,8,5,0
20250312_100315,2.862,-0.021,0,0,0,0,0,0,0,0,8,5,0
20250312_100315,2.839,-0.028,0,0,0,0,0,0,0,0,8,5,0
20250312_100315,2.815,-0.035,0,0,0,0,0,0,0,0,8,5,0
20250312_100315,2.794,-0.047,0,0,0,0,0,0,0,0,8,5,0
20250312_100315,2.772,-0.058,0,0,0,0,0,0,0,0,8,5,0
20250312_100315,2.751,-0.069,0,0,0,0,0,0,0,0,8,5,0
20250312_100315,2.730,-0.080,0,0,0,0,0,0,0,0,8,5,0
20250312_100315,2.706,-0.100,0,0,0,0,0,0,0,0,8,5,0
20250312_100315,2.682,-0.120,0,0,0,0,0,0,0,0,8,5,0
20250312_100315,2.659,-0.140,0,0,0,0,0,0,0,0,8,5,0
20250312_100315,2.641,-0.163,0,0,0,0,0,0,0,0,8,5,0
20250312_100315,2.623,-0.187,0,0,0,0,0,0,0,0,8,5,0
20250312_100315,2.605,-0.211,0,0,0,0,0,0,0,0,8,5,0
20250312_100315,2.594,-0.237,0,0,0,0,0,0,0,0,8,5,0
20250312_100315,2.583,-0.264,0,0,0,0,0,0,0,0,8,5,0
20250312_100315,2.572,-0.290,0,0,0,0,0,0,0,0,8,5,0
20250312_100315,2.569,-0.311,0,0,0,0,0,0,0,0,8,5,0
20250312_100315,2.566,-0.332,0,0,0,0,0,0,0,0,8,5,0
20250312_100315,2.564,-0.353,0,0,0,0,0,0,0,0,8,5,0
20250312_100315,2.561,-0.374,0,0,0,0,0,0,0,0,8,5,0
20250312_100315,2.561,-0.394,0,0,0,0,0,0,0,0,8,5,0
20250312_100315,2.562,-0.414,0,0,0,0,0,0,0,0,8,5,0
20250312_100315,2.563,-0.434,0,0,0,0,0,0,0,0,8,5,0
20250312_100315,2.563,-0.455,0,0,0,0,0,0,0,0,8,5,0
20250312_100315,2.564,-0.475,0,0,0,0,0,0,0,0,8,5,0
20250312_100315,2.565,-0.495,0,0,0,0,0,0,0,0,8,5,0
20250312_100315,2.565,-0.515,0,0,0,0,0,0,0,0,8,5,0
20250312_100315,2.566,-0.535,0,0,0,0,0,0,0,0,8,5,0
20250312_100315,2.566,-0.556,0,0,0,0,0,0,0,0,8,5,0
20250312_100315,2.567,-0.576,0,0,0,0,0,0,0,0,8,5,0
20250312_100315,2.568,-0.596,0,0,0,0,0,0,0,0,8,5,0
20250312_100315,2.568,-0.616,0,0,0,0,0,0,0,0,8,5,0
20250312_100315,2.569,-0.636,0,0,0,0,0,0,0,0,8,5,0
20250312_100315,2.570,-0.657,0,0,0,0,0,0,0,0,8,5,0
