20250311_202016,0.000,-0.087,0,0,0,0,0,0,0,0,8,5,0
20250311_202016,-0.000,-0.067,0,0,0,0,0,0,0,0,8,5,0
20250311_202016,-0.001,-0.046,0,0,0,0,0,0,0,0,8,5,0
20250311_202016,-0.002,-0.026,0,0,0,0,0,0,0,0,8,5,0
20250311_202016,-0.002,-0.006,0,0,0,0,0,0,0,0,8,5,0
20250311_202016,-0.003,0.014,0,0,0,0,0,0,0,0,8,5,0
20250311_202016,-0.004,0.034,0,0,0,0,0,0,0,0,8,5,0
20250311_202016,-0.004,0.055,0,0,0,0,0,0,0,0,8,5,0
20250311_202016,-0.005,0.075,0,0,0,0,0,0,0,0,8,5,0
20250311_202016,-0.005,0.095,0,0,0,0,0,0,0,0,8,5,0
20250311_202016,-0.006,0.115,0,0,0,0,0,0,0,0,8,5,0
20250311_202016,-0.007,0.135,0,0,0,0,0,0,0,0,8,5,0
20250311_202016,-0.007,0.156,0,0,0,0,0,0,0,0,8,5,0
20250311_202016,-0.008,0.176,0,0,0,0,0,0,0,0,8,5,0
20250311_202016,-0.009,0.196,0,0,0,0,0,0,0,0,8,5,0
20250311_202016,-0.009,0.216,0,0,0,0,0,0,0,0,8,5,0
20250311_202016,-0.006,0.237,0,0,0,0,0,0,0,0,8,5,0
20250311_202016,-0.004,0.258,0,0,0,0,0,0,0,0,8,5,0
20250311_202016,-0.001,0.279,0,0,0,0,0,0,0,0,8,5,0
20250311_202016,0.002,0.300,0,0,0,0,0,0,0,0,8,5,0
20250311_202016,0.013,0.326,0,0,0,0,0,0,0,0,8,5,0
20250311_202016,0.024,0.353,0,0,0,0,0,0,0,0,8,5,0
20250311_202016,0.035,0.379,0,0,0,0,0,0,0,0,8,5,0
20250311_202016,0.053,0.403,0,0,0,0,0,0,0,0,8,5,0
20250311_202016,0.071,0.427,0,0,0,0,0,0,0,0,8,5,0
20250311_202016,0.089,0.450,0,0,0,0,0,0,0,0,8,5,0
20250311_202016,0.112,0.470,0,0,0,0,0,0,0,0,8,5,0
20250311_202016,0.136,0.490,0,0,0,0,0,0,0,0,8,5,0
20250311_202016,0.160,0.510,0,0,0,0,0,0,0,0,8,5,0
20250311_202016,0.181,0.521,0,0,0,0,0,0,0,0,8,5,0
20250311_202016,0.202,0.532,0,0,0,0,0,0,0,0,8,5,0
20250311_202016,0.224,0.543,0,0,0,0,0,0,0,0,8,5,0
20250311_202016,0.245,0.555,0,0,0,0,0,0,0,0,8,5,0
20250311_202016,0.269,0.562,0,0,0,0,0,0,0,0,8,5,0
20250311_202016,0.292,0.569,0,0,0,0,0,0,0,0,8,5,0
20250311_202016,0.316,0.575,0,0,0,0,0,0,0,0,8,5,0
20250311_202016,0.340,0.582,0,0,0,0,0,0,0,0,8,5,0
20250311_202016,0.365,0.585,0,0,0,0,0,0,0,0,8,5,0
20250311_202016,0.390,0.587,0,0,0,0,0,0,0,0,8,5,0
20250311_202016,0.415,0.589,0,0,0,0,0,0,0,0,8,5,0
20250311_202016,0.440,0.592,0,0,0,0,0,0,0,0,8,5,0
20250311_202016,0.460,0.592,0,0,0,0,0,0,0,0,8,0,0
20250311_202016,0.480,0.593,0,0,0,0,0,0,0,0,8,0,0
20250311_202016,0.500,0.593,0,0,0,0,0,0,0,0,8,0,0
20250311_202016,0.521,0.593,0,0,0,0,0,0,0,0,8,0,0
20250311_202016,0.541,0.594,0,0,0,0,0,0,0,0,8,0,0
20250311_202016,0.561,0.594,0,0,0,0,0,0,0,0,8,0,0
20250311_202016,0.581,0.594,0,0,0,0,0,0,0,0,8,0,0
20250311_202016,0.602,0.595,0,0,0,0,0,0,0,0,8,0,0
20250311_202016,0.622,0.595,0,0,0,0,0,0,0,0,8,0,0
20250311_202016,0.642,0.595,0,0,0,0,0,0,0,0,8,0,0
20250311_202016,0.662,0.596,0,0,0,0,0,0,0,0,8,0,0
20250311_202016,0.682,0.596,0,0,0,0,0,0,0,0,8,0,0
20250311_202016,0.703,0.596,0,0,0,0,0,0,0,0,8,0,0
20250311_202016,0.723,0.597,0,0,0,0,0,0,0,0,8,0,0
20250311_202016,0.743,0.597,0,0,0,0,0,0,0,0,8,0,0
20250311_202016,0.763,0.597,0,0,0,0,0,0,0,0,8,0,0
20250311_202016,0.788,0.594,0,0,0,0,0,0,0,0,8,0,0
20250311_202016,0.813,0.591,0,0,0,0,0,0,0,0,8,0,0
20250311_202016,0.838,0.588,0,0,0,0,0,0,0,0,8,0,0
20250311_202016,0.863,0.585,0,0,0,0,0,0,0,0,8,0,0
20250311_202016,0.886,0.576,0,0,0,0,0,0,0,0,8,0,0
20250311_202016,0.909,0.567,0,0,0,0,0,0,0,0,8,0,0
20250311_202016,0.933,0.559,0,0,0,0,0,0,0,0,8,0,0
20250311_202016,0.956,0.550,0,0,0,0,0,0,0,0,8,0,0
20250311_202016,0.982,0.531,0,0,0,0,0,0,0,0,8,0,0
20250311_202016,1.009,0.512,0,0,0,0,0,0,0,0,8,0,0
20250311_202016,1.036,0.493,0,0,0,0,0,0,0,0,8,0,0
20250311_202016,1.056,0.468,0,0,0,0,0,0,0,0,8,0,0
20250311_202016,1.077,0.444,0,0,0,0,0,0,0,0,8,0,0
20250311_202016,1.097,0.419,0,0,0,0,0,0,0,0,8,0,0
20250311_202016,1.107,0.397,0,0,0,0,0,0,0,0,8,0,0
20250311_202016,1.116,0.376,0,0,0,0,0,0,0,0,8,0,0
20250311_202016,1.126,0.354,0,0,0,0,0,0,0,0,8,0,0
20250311_202016,1.135,0.333,0,0,0,0,0,0,0,0,8,0,0
20250311_202016,1.139,0.310,0,0,0,0,0,0,0,0,8,0,0
20250311_202016,1.142,0.287,0,0,0,0,0,0,0,0,8,0,0
20250311_202016,1.145,0.264,0,0,0,0,0,0,0,0,8,0,0
20250311_202016,1.149,0.240,0,0,0,0,0,0,0,0,8,0,0
20250311_202016,1.149,0.220,0,0,0,0,0,0,0,0,8,0,0
20250311_202016,1.149,0.200,0,0,0,0,0,0,0,0,8,0,0
20250311_202016,1.149,0.179,0,0,0,0,0,0,0,0,8,0,0
20250311_202016,1.150,0.159,0,0,0,0,0,0,0,0,8,0,0
20250311_202016,1.150,0.138,0,0,0,0,0,0,0,0,8,0,0
20250311_202016,1.150,0.118,0,0,0,0,0,0,0,0,8,0,0
20250311_202016,1.150,0.097,0,0,0,0,0,0,0,0,8,0,0
20250311_202016,1.151,0.077,0,0,0,0,0,0,0,0,8,0,0
20250311_202016,1.151,0.056,0,0,0,0,0,0,0,0,8,0,0
20250311_202016,1.151,0.036,0,0,0,0,0,0,0,0,8,0,0
20250311_202016,1.151,0.015,0,0,0,0,0,0,0,0,8,0,0
20250311_202016,1.152,-0.005,0,0,0,0,0,0,0,0,8,0,0
20250311_202016,1.152,-0.026,0,0,0,0,0,0,0,0,8,0,0
20250311_202016,1.152,-0.046,0,0,0,0,0,0,0,0,8,0,0
20250311_202016,1.153,-0.066,0,0,0,0,0,0,0,0,8,0,0
20250311_202016,1.153,-0.087,0,0,0,0,0,0,0,0,8,0,0
20250311_202016,1.153,-0.107,0,0,0,0,0,0,0,0,8,0,0
20250311_202016,1.153,-0.128,0,0,0,0,0,0,0,0,8,0,0
20250311_202016,1.154,-0.148,0,0,0,0,0,0,0,0,8,0,0
20250311_202016,1.151,-0.170,0,0,0,0,0,0,0,0,8,0,0
20250311_202016,1.149,-0.191,0,0,0,0,0,0,0,0,8,0,0
20250311_202016,1.146,-0.213,0,0,0,0,0,0,0,0,8,0,0
20250311_202016,1.143,-0.235,0,0,0,0,0,0,0,0,8,0,0
20250311_202016,1.141,-0.256,0,0,0,0,0,0,0,0,8,0,0
20250311_202016,1.133,-0.276,0,0,0,0,0,0,0,0,8,0,0
20250311_202016,1.126,-0.296,0,0,0,0,0,0,0,0,8,0,0
20250311_202016,1.119,-0.317,0,0,0,0,0,0,0,0,8,0,0
20250311_202016,1.111,-0.337,0,0,0,0,0,0,0,0,8,0,0
20250311_202016,1.104,-0.357,0,0,0,0,0,0,0,0,8,0,0
20250311_202016,1.089,-0.378,0,0,0,0,0,0,0,0,8,0,0
20250311_202016,1.074,-0.400,0,0,0,0,0,0,0,0,8,0,0
20250311_202016,1.059,-0.422,0,0,0,0,0,0,0,0,8,0,0
20250311_202016,1.045,-0.443,0,0,0,0,0,0,0,0,8,0,0
20250311_202016,1.019,-0.465,0,0,0,0,0,0,0,0,8,0,0
20250311_202016,0.993,-0.487,0,0,0,0,0,0,0,0,8,0,0
20250311_202016,0.968,-0.510,0,0,0,0,0,0,0,0,8,0,0
20250311_202016,0.945,-0.520,0,0,0,0,0,0,0,0,8,0,0
20250311_202016,0.923,-0.530,0,0,0,0,0,0,0,0,8,0,0
20250311_202016,0.900,-0.541,0,0,0,0,0,0,0,0,8,0,0
20250311_202016,0.878,-0.551,0,0,0,0,0,0,0,0,8,0,0
20250311_202016,0.854,-0.555,0,0,0,0,0,0,0,0,8,0,0
20250311_202016,0.830,-0.558,0,0,0,0,0,0,0,0,8,0,0
20250311_202016,0.806,-0.562,0,0,0,0,0,0,0,0,8,0,0
20250311_202016,0.782,-0.565,0,0,0,0,0,0,0,0,8,0,0
20250311_202016,0.761,-0.565,0,0,0,0,0,0,0,0,0,0,0
20250311_202016,0.741,-0.565,0,0,0,0,0,0,0,0,0,0,0
20250311_202016,0.721,-0.565,0,0,0,0,0,0,0,0,0,0,0
20250311_202016,0.700,-0.565,0,0,0,0,0,0,0,0,0,0,0
20250311_202016,0.680,-0.565,0,0,0,0,0,0,0,0,0,0,0
20250311_202016,0.660,-0.565,0,0,0,0,0,0,0,0,0,0,0
20250311_202016,0.639,-0.565,0,0,0,0,0,0,0,0,0,0,0
20250311_202016,0.619,-0.565,0,0,0,0,0,0,0,0,0,0,0
20250311_202016,0.599,-0.565,0,0,0,0,0,0,0,0,0,0,0
20250311_202016,0.578,-0.565,0,0,0,0,0,0,0,0,0,0,0
20250311_202016,0.558,-0.565,0,0,0,0,0,0,0,0,0,0,0
20250311_202016,0.538,-0.565,0,0,0,0,0,0,0,0,0,0,0
20250311_202016,0.517,-0.565,0,0,0,0,0,0,0,0,0,0,0
20250311_202016,0.497,-0.565,0,0,0,0,0,0,0,0,0,0,0
20250311_202016,0.477,-0.565,0,0,0,0,0,0,0,0,0,0,0
20250311_202016,0.456,-0.564,0,0,0,0,0,0,0,0,0,0,0
20250311_202016,0.436,-0.564,0,0,0,0,0,0,0,0,0,0,0
20250311_202016,0.416,-0.564,0,0,0,0,0,0,0,0,0,0,0
20250311_202016,0.396,-0.564,0,0,0,0,0,0,0,0,0,0,0
20250311_202016,0.375,-0.564,0,0,0,0,0,0,0,0,0,0,0
20250311_202016,0.355,-0.564,0,0,0,0,0,0,0,0,0,0,0
20250311_202016,0.335,-0.564,0,0,0,0,0,0,0,0,0,0,0
20250311_202016,0.314,-0.564,0,0,0,0,0,0,0,0,0,0,0
20250311_202016,0.294,-0.564,0,0,0,0,0,0,0,0,0,0,0
20250311_202016,0.274,-0.564,0,0,0,0,0,0,0,0,0,0,0
20250311_202016,0.253,-0.564,0,0,0,0,0,0,0,0,0,0,0
20250311_202016,0.233,-0.564,0,0,0,0,0,0,0,0,0,0,0
20250311_202016,0.213,-0.564,0,0,0,0,0,0,0,0,0,0,0
20250311_202016,0.192,-0.564,0,0,0,0,0,0,0,0,0,0,0
20250311_202016,0.172,-0.564,0,0,0,0,0,0,0,0,0,0,0
20250311_202016,0.152,-0.564,0,0,0,0,0,0,0,0,0,0,0
20250311_202016,0.131,-0.564,0,0,0,0,0,0,0,0,0,0,0
20250311_202016,0.111,-0.564,0,0,0,0,0,0,0,0,0,0,0
20250311_202016,0.091,-0.563,0,0,0,0,0,0,0,0,0,0,0
20250311_202016,0.070,-0.563,0,0,0,0,0,0,0,0,0,0,0
20250311_202016,0.050,-0.563,0,0,0,0,0,0,0,0,0,0,0
20250311_202016,0.030,-0.563,0,0,0,0,0,0,0,0,0,0,0
20250311_202016,0.010,-0.563,0,0,0,0,0,0,0,0,0,0,0
20250311_202016,-0.011,-0.563,0,0,0,0,0,0,0,0,0,0,0
20250311_202016,-0.031,-0.563,0,0,0,0,0,0,0,0,0,0,0
20250311_202016,0.782,-0.565,0,0,0,0,0,0,0,0,0,0,0
20250311_202016,0.761,-0.565,0,0,0,0,0,0,0,0,0,0,0
20250311_202016,0.741,-0.565,0,0,0,0,0,0,0,0,0,0,0
20250311_202016,0.721,-0.565,0,0,0,0,0,0,0,0,0,0,0
20250311_202016,0.700,-0.565,0,0,0,0,0,0,0,0,0,0,0
20250311_202016,0.680,-0.565,0,0,0,0,0,0,0,0,0,0,0
20250311_202016,0.660,-0.565,0,0,0,0,0,0,0,0,0,0,0
20250311_202016,0.639,-0.565,0,0,0,0,0,0,0,0,0,0,0
20250311_202016,0.619,-0.565,0,0,0,0,0,0,0,0,0,0,0
20250311_202016,0.599,-0.565,0,0,0,0,0,0,0,0,0,0,0
20250311_202016,0.578,-0.565,0,0,0,0,0,0,0,0,0,0,0
20250311_202016,0.558,-0.565,0,0,0,0,0,0,0,0,0,0,0
20250311_202016,0.538,-0.565,0,0,0,0,0,0,0,0,0,0,0
20250311_202016,0.517,-0.565,0,0,0,0,0,0,0,0,0,0,0
20250311_202016,0.497,-0.565,0,0,0,0,0,0,0,0,0,0,0
20250311_202016,0.477,-0.565,0,0,0,0,0,0,0,0,0,0,0
20250311_202016,0.456,-0.564,0,0,0,0,0,0,0,0,0,0,0
20250311_202016,0.436,-0.564,0,0,0,0,0,0,0,0,0,0,0
20250311_202016,0.416,-0.564,0,0,0,0,0,0,0,0,0,0,0
20250311_202016,0.396,-0.564,0,0,0,0,0,0,0,0,0,0,0
20250311_202016,0.375,-0.564,0,0,0,0,0,0,0,0,0,0,0
20250311_202016,0.355,-0.564,0,0,0,0,0,0,0,0,0,0,0
20250311_202016,0.335,-0.564,0,0,0,0,0,0,0,0,0,0,0
20250311_202016,0.314,-0.564,0,0,0,0,0,0,0,0,0,0,0
20250311_202016,0.294,-0.564,0,0,0,0,0,0,0,0,0,0,0
20250311_202016,0.274,-0.564,0,0,0,0,0,0,0,0,0,0,0
20250311_202016,0.253,-0.564,0,0,0,0,0,0,0,0,0,0,0
20250311_202016,0.233,-0.564,0,0,0,0,0,0,0,0,0,0,0
20250311_202016,0.213,-0.564,0,0,0,0,0,0,0,0,0,0,0
20250311_202016,0.192,-0.564,0,0,0,0,0,0,0,0,0,0,0
20250311_202016,0.172,-0.564,0,0,0,0,0,0,0,0,0,0,0
20250311_202016,0.152,-0.564,0,0,0,0,0,0,0,0,0,0,0
20250311_202016,0.131,-0.564,0,0,0,0,0,0,0,0,0,0,0
20250311_202016,0.111,-0.564,0,0,0,0,0,0,0,0,0,0,0
20250311_202016,0.091,-0.563,0,0,0,0,0,0,0,0,0,0,0
20250311_202016,0.070,-0.563,0,0,0,0,0,0,0,0,0,0,0
20250311_202016,0.050,-0.563,0,0,0,0,0,0,0,0,0,0,0
20250311_202016,0.030,-0.563,0,0,0,0,0,0,0,0,0,0,0
20250311_202016,0.010,-0.563,0,0,0,0,0,0,0,0,0,0,0
20250311_202016,-0.011,-0.563,0,0,0,0,0,0,0,0,0,0,0
20250311_202016,-0.031,-0.563,0,0,0,0,0,0,0,0,0,0,0
20250311_202016,-0.051,-0.563,0,0,0,0,0,0,0,0,0,0,0
20250311_202016,-0.071,-0.563,0,0,0,0,0,0,0,0,0,0,0
20250311_202016,-0.091,-0.563,0,0,0,0,0,0,0,0,0,0,0
20250311_202016,-0.111,-0.563,0,0,0,0,0,0,0,0,0,0,0
20250311_202016,-0.131,-0.563,0,0,0,0,0,0,0,0,0,0,0
20250311_202016,-0.152,-0.563,0,0,0,0,0,0,0,0,0,0,0
20250311_202016,-0.172,-0.563,0,0,0,0,0,0,0,0,0,0,0
20250311_202016,-0.192,-0.563,0,0,0,0,0,0,0,0,0,0,0
20250311_202016,-0.212,-0.563,0,0,0,0,0,0,0,0,0,0,0
20250311_202016,-0.232,-0.564,0,0,0,0,0,0,0,0,0,0,0
20250311_202016,-0.252,-0.564,0,0,0,0,0,0,0,0,0,0,0
20250311_202016,-0.272,-0.564,0,0,0,0,0,0,0,0,0,0,0
20250311_202016,-0.292,-0.564,0,0,0,0,0,0,0,0,0,0,0
20250311_202016,-0.312,-0.564,0,0,0,0,0,0,0,0,0,0,0
20250311_202016,-0.332,-0.564,0,0,0,0,0,0,0,0,0,0,0
20250311_202016,-0.352,-0.564,0,0,0,0,0,0,0,0,0,0,0
20250311_202016,-0.372,-0.564,0,0,0,0,0,0,0,0,0,0,0
20250311_202016,-0.392,-0.564,0,0,0,0,0,0,0,0,0,0,0
20250311_202016,-0.413,-0.564,0,0,0,0,0,0,0,0,0,0,0
20250311_202016,-0.433,-0.564,0,0,0,0,0,0,0,0,0,0,0
20250311_202016,-0.453,-0.564,0,0,0,0,0,0,0,0,0,0,0
20250311_202016,-0.473,-0.564,0,0,0,0,0,0,0,0,0,0,0
20250311_202016,-0.493,-0.564,0,0,0,0,0,0,0,0,0,0,0
20250311_202016,-0.513,-0.564,0,0,0,0,0,0,0,0,0,0,0
20250311_202016,-0.533,-0.564,0,0,0,0,0,0,0,0,0,0,0
20250311_202016,-0.553,-0.564,0,0,0,0,0,0,0,0,0,0,0
20250311_202016,-0.573,-0.564,0,0,0,0,0,0,0,0,0,0,0
20250311_202016,-0.593,-0.564,0,0,0,0,0,0,0,0,0,0,0
20250311_202016,-0.613,-0.564,0,0,0,0,0,0,0,0,0,0,0
20250311_202016,-0.633,-0.564,0,0,0,0,0,0,0,0,0,0,0
20250311_202016,-0.653,-0.564,0,0,0,0,0,0,0,0,0,0,0
20250311_202016,-0.674,-0.564,0,0,0,0,0,0,0,0,0,0,0
20250311_202016,-0.694,-0.564,0,0,0,0,0,0,0,0,0,0,0
20250311_202016,-0.714,-0.564,0,0,0,0,0,0,0,0,0,0,0
20250311_202016,-0.734,-0.564,0,0,0,0,0,0,0,0,0,0,0
20250311_202016,-0.754,-0.565,0,0,0,0,0,0,0,0,0,0,0
20250311_202016,-0.774,-0.565,0,0,0,0,0,0,0,0,0,0,0
20250311_202016,-0.794,-0.565,0,0,0,0,0,0,0,0,0,0,0
20250311_202016,-0.814,-0.565,0,0,0,0,0,0,0,0,0,0,0
20250311_202016,-0.834,-0.565,0,0,0,0,0,0,0,0,0,0,0
20250311_202016,-0.854,-0.565,0,0,0,0,0,0,0,0,0,0,0
20250311_202016,-0.874,-0.565,0,0,0,0,0,0,0,0,0,0,0
20250311_202016,-0.894,-0.565,0,0,0,0,0,0,0,0,0,0,0
20250311_202016,-0.914,-0.565,0,0,0,0,0,0,0,0,0,0,0
20250311_202016,-0.935,-0.565,0,0,0,0,0,0,0,0,0,0,0
20250311_202016,-0.955,-0.565,0,0,0,0,0,0,0,0,0,0,0
20250311_202016,-0.975,-0.565,0,0,0,0,0,0,0,0,0,0,0
20250311_202016,-0.995,-0.565,0,0,0,0,0,0,0,0,0,0,0
20250311_202016,-1.015,-0.565,0,0,0,0,0,0,0,0,0,0,0
20250311_202016,-1.035,-0.565,0,0,0,0,0,0,0,0,0,0,0
20250311_202016,-1.055,-0.565,0,0,0,0,0,0,0,0,0,0,0
20250311_202016,-1.075,-0.565,0,0,0,0,0,0,0,0,0,0,0
20250311_202016,-1.095,-0.565,0,0,0,0,0,0,0,0,0,0,0
20250311_202016,-1.115,-0.565,0,0,0,0,0,0,0,0,0,0,0
20250311_202016,-1.135,-0.565,0,0,0,0,0,0,0,0,0,0,0
20250311_202016,-1.155,-0.565,0,0,0,0,0,0,0,0,0,0,0
20250311_202016,-1.176,-0.565,0,0,0,0,0,0,0,0,0,0,0
20250311_202016,-1.196,-0.565,0,0,0,0,0,0,0,0,0,0,0
20250311_202016,-1.216,-0.565,0,0,0,0,0,0,0,0,0,0,0
20250311_202016,-1.236,-0.565,0,0,0,0,0,0,0,0,0,0,0
20250311_202016,-1.256,-0.566,0,0,0,0,0,0,0,0,0,0,0
20250311_202016,-1.276,-0.566,0,0,0,0,0,0,0,0,0,0,0
20250311_202016,-1.296,-0.566,0,0,0,0,0,0,0,0,0,0,0
20250311_202016,-1.316,-0.566,0,0,0,0,0,0,0,0,0,0,0
20250311_202016,-1.336,-0.566,0,0,0,0,0,0,0,0,0,0,0
20250311_202016,-1.356,-0.566,0,0,0,0,0,0,0,0,0,0,0
20250311_202016,-1.376,-0.566,0,0,0,0,0,0,0,0,0,0,0
20250311_202016,-1.397,-0.566,0,0,0,0,0,0,0,0,0,0,0
20250311_202016,-1.417,-0.566,0,0,0,0,0,0,0,0,0,0,0
20250311_202016,-1.437,-0.566,0,0,0,0,0,0,0,0,0,0,0
20250311_202016,-1.458,-0.566,0,0,0,0,0,0,0,0,0,0,0
20250311_202016,-1.478,-0.566,0,0,0,0,0,0,0,0,0,0,0
20250311_202016,-1.499,-0.566,0,0,0,0,0,0,0,0,0,0,0
20250311_202016,-1.519,-0.566,0,0,0,0,0,0,0,0,0,0,0
20250311_202016,-1.539,-0.566,0,0,0,0,0,0,0,0,0,0,0
20250311_202016,-1.560,-0.566,0,0,0,0,0,0,0,0,0,0,0
20250311_202016,-1.580,-0.566,0,0,0,0,0,0,0,0,0,0,0
20250311_202016,-1.601,-0.567,0,0,0,0,0,0,0,0,0,0,0
20250311_202016,-1.621,-0.567,0,0,0,0,0,0,0,0,0,0,0
20250311_202016,-1.641,-0.567,0,0,0,0,0,0,0,0,0,0,0
20250311_202016,-1.662,-0.567,0,0,0,0,0,0,0,0,0,0,0
20250311_202016,-1.682,-0.567,0,0,0,0,0,0,0,0,0,0,0
20250311_202016,-1.702,-0.567,0,0,0,0,0,0,0,0,0,0,0
20250311_202016,-1.723,-0.567,0,0,0,0,0,0,0,0,0,0,0
20250311_202016,-1.743,-0.567,0,0,0,0,0,0,0,0,0,0,0
20250311_202016,-1.764,-0.567,0,0,0,0,0,0,0,0,0,0,0
20250311_202016,-1.784,-0.567,0,0,0,0,0,0,0,0,0,0,0
20250311_202016,-1.804,-0.567,0,0,0,0,0,0,0,0,0,0,0
20250311_202016,-1.825,-0.567,0,0,0,0,0,0,0,0,0,0,0
20250311_202016,-1.845,-0.567,0,0,0,0,0,0,0,0,0,0,0
20250311_202016,-1.866,-0.567,0,0,0,0,0,0,0,0,0,0,0
20250311_202016,-1.886,-0.567,0,0,0,0,0,0,0,0,0,0,0
20250311_202016,-1.906,-0.568,0,0,0,0,0,0,0,0,0,0,0
20250311_202016,-1.927,-0.568,0,0,0,0,0,0,0,0,0,0,0
20250311_202016,-1.947,-0.568,0,0,0,0,0,0,0,0,0,0,0
20250311_202016,-1.968,-0.568,0,0,0,0,0,0,0,0,0,0,0
20250311_202016,-1.988,-0.568,0,0,0,0,0,0,0,0,0,0,0
20250311_202016,-2.008,-0.568,0,0,0,0,0,0,0,0,0,0,0
20250311_202016,-2.029,-0.568,0,0,0,0,0,0,0,0,0,0,0
20250311_202016,-2.049,-0.568,0,0,0,0,0,0,0,0,0,0,0
20250311_202016,-2.069,-0.568,0,0,0,0,0,0,0,0,0,0,0
20250311_202016,-2.090,-0.568,0,0,0,0,0,0,0,0,0,0,0
20250311_202016,-2.110,-0.568,0,0,0,0,0,0,0,0,0,0,0
20250311_202016,-2.131,-0.568,0,0,0,0,0,0,0,0,0,0,0
20250311_202016,-2.151,-0.568,0,0,0,0,0,0,0,0,0,0,0
20250311_202016,-2.172,-0.566,0,0,0,0,0,0,0,0,8,0,0
20250311_202016,-2.194,-0.564,0,0,0,0,0,0,0,0,8,0,0
20250311_202016,-2.215,-0.562,0,0,0,0,0,0,0,0,8,0,0
20250311_202016,-2.236,-0.560,0,0,0,0,0,0,0,0,8,0,0
20250311_202016,-2.257,-0.558,0,0,0,0,0,0,0,0,8,0,0
20250311_202016,-2.278,-0.552,0,0,0,0,0,0,0,0,8,0,0
20250311_202016,-2.298,-0.546,0,0,0,0,0,0,0,0,8,0,0
20250311_202016,-2.318,-0.540,0,0,0,0,0,0,0,0,8,0,0
20250311_202016,-2.338,-0.534,0,0,0,0,0,0,0,0,8,0,0
20250311_202016,-2.359,-0.528,0,0,0,0,0,0,0,0,8,0,0
20250311_202016,-2.381,-0.516,0,0,0,0,0,0,0,0,8,0,0
20250311_202016,-2.404,-0.504,0,0,0,0,0,0,0,0,8,0,0
20250311_202016,-2.427,-0.492,0,0,0,0,0,0,0,0,8,0,0
20250311_202016,-2.449,-0.480,0,0,0,0,0,0,0,0,8,0,0
20250311_202016,-2.475,-0.458,0,0,0,0,0,0,0,0,8,0,0
20250311_202016,-2.500,-0.437,0,0,0,0,0,0,0,0,8,0,0
20250311_202016,-2.525,-0.416,0,0,0,0,0,0,0,0,8,0,0
20250311_202016,-2.544,-0.390,0,0,0,0,0,0,0,0,8,0,0
20250311_202016,-2.563,-0.364,0,0,0,0,0,0,0,0,8,0,0
20250311_202016,-2.582,-0.339,0,0,0,0,0,0,0,0,8,0,0
20250311_202016,-2.591,-0.317,0,0,0,0,0,0,0,0,8,0,0
20250311_202016,-2.600,-0.296,0,0,0,0,0,0,0,0,8,0,0
20250311_202016,-2.609,-0.274,0,0,0,0,0,0,0,0,8,0,0
20250311_202016,-2.618,-0.253,0,0,0,0,0,0,0,0,8,0,0
20250311_202016,-2.621,-0.230,0,0,0,0,0,0,0,0,8,0,0
20250311_202016,-2.624,-0.208,0,0,0,0,0,0,0,0,8,0,0
20250311_202016,-2.627,-0.185,0,0,0,0,0,0,0,0,8,0,0
20250311_202016,-2.630,-0.163,0,0,0,0,0,0,0,0,8,0,0
20250311_202016,-2.629,-0.143,0,0,0,0,0,0,0,0,8,0,0
20250311_202016,-2.628,-0.122,0,0,0,0,0,0,0,0,8,0,0
20250311_202016,-2.628,-0.102,0,0,0,0,0,0,0,0,8,0,0
20250311_202016,-2.627,-0.082,0,0,0,0,0,0,0,0,8,0,0
20250311_202016,-2.626,-0.062,0,0,0,0,0,0,0,0,8,0,0
20250311_202016,-2.626,-0.042,0,0,0,0,0,0,0,0,8,0,0
20250311_202016,-2.625,-0.021,0,0,0,0,0,0,0,0,8,0,0
20250311_202016,-2.625,-0.001,0,0,0,0,0,0,0,0,8,0,0
20250311_202016,-2.624,0.019,0,0,0,0,0,0,0,0,8,0,0
20250311_202016,-2.623,0.039,0,0,0,0,0,0,0,0,8,0,0
20250311_202016,-2.623,0.059,0,0,0,0,0,0,0,0,8,0,0
20250311_202016,-2.622,0.080,0,0,0,0,0,0,0,0,8,0,0
20250311_202016,-2.621,0.100,0,0,0,0,0,0,0,0,8,0,0
20250311_202016,-2.621,0.120,0,0,0,0,0,0,0,0,8,0,0
20250311_202016,-2.620,0.140,0,0,0,0,0,0,0,0,8,0,0
20250311_202016,-2.620,0.160,0,0,0,0,0,0,0,0,8,0,0
20250311_202016,-2.619,0.181,0,0,0,0,0,0,0,0,8,0,0
20250311_202016,-2.618,0.201,0,0,0,0,0,0,0,0,8,0,0
20250311_202016,-2.618,0.221,0,0,0,0,0,0,0,0,8,0,0
20250311_202016,-2.614,0.244,0,0,0,0,0,0,0,0,8,0,0
20250311_202016,-2.611,0.268,0,0,0,0,0,0,0,0,8,0,0
20250311_202016,-2.607,0.291,0,0,0,0,0,0,0,0,8,0,0
20250311_202016,-2.603,0.315,0,0,0,0,0,0,0,0,8,0,0
20250311_202016,-2.600,0.338,0,0,0,0,0,0,0,0,8,0,0
20250311_202016,-2.589,0.359,0,0,0,0,0,0,0,0,8,0,0
20250311_202016,-2.579,0.380,0,0,0,0,0,0,0,0,8,0,0
20250311_202016,-2.569,0.402,0,0,0,0,0,0,0,0,8,0,0
20250311_202016,-2.558,0.423,0,0,0,0,0,0,0,0,8,0,0
20250311_202016,-2.548,0.444,0,0,0,0,0,0,0,0,8,0,0
20250311_202016,-2.528,0.465,0,0,0,0,0,0,0,0,8,0,0
20250311_202016,-2.508,0.486,0,0,0,0,0,0,0,0,8,0,0
20250311_202016,-2.487,0.507,0,0,0,0,0,0,0,0,8,0,0
20250311_202016,-2.467,0.528,0,0,0,0,0,0,0,0,8,0,0
20250311_202016,-2.447,0.539,0,0,0,0,0,0,0,0,8,0,0
20250311_202016,-2.427,0.549,0,0,0,0,0,0,0,0,8,0,0
20250311_202016,-2.406,0.560,0,0,0,0,0,0,0,0,8,0,0
20250311_202016,-2.386,0.571,0,0,0,0,0,0,0,0,8,0,0
20250311_202016,-2.366,0.582,0,0,0,0,0,0,0,0,8,0,0
20250311_202016,-2.343,0.585,0,0,0,0,0,0,0,0,8,0,0
20250311_202016,-2.321,0.589,0,0,0,0,0,0,0,0,8,0,0
20250311_202016,-2.298,0.593,0,0,0,0,0,0,0,0,8,0,0
20250311_202016,-2.275,0.596,0,0,0,0,0,0,0,0,8,0,0
20250311_202016,-2.253,0.600,0,0,0,0,0,0,0,0,8,0,0
20250311_202016,-2.233,0.600,0,0,0,0,0,0,0,0,0,0,0
20250311_202016,-2.212,0.600,0,0,0,0,0,0,0,0,0,0,0
20250311_202016,-2.192,0.600,0,0,0,0,0,0,0,0,0,0,0
20250311_202016,-2.172,0.600,0,0,0,0,0,0,0,0,0,0,0
20250311_202016,-2.152,0.600,0,0,0,0,0,0,0,0,0,0,0
20250311_202016,-2.131,0.600,0,0,0,0,0,0,0,0,0,0,0
20250311_202016,-2.111,0.600,0,0,0,0,0,0,0,0,0,0,0
20250311_202016,-2.091,0.600,0,0,0,0,0,0,0,0,0,0,0
20250311_202016,-2.071,0.600,0,0,0,0,0,0,0,0,0,0,0
20250311_202016,-2.050,0.600,0,0,0,0,0,0,0,0,0,0,0
20250311_202016,-2.030,0.600,0,0,0,0,0,0,0,0,0,0,0
20250311_202016,-2.010,0.600,0,0,0,0,0,0,0,0,0,0,0
20250311_202016,-1.990,0.600,0,0,0,0,0,0,0,0,0,0,0
20250311_202016,-1.969,0.600,0,0,0,0,0,0,0,0,0,0,0
20250311_202016,-1.949,0.600,0,0,0,0,0,0,0,0,0,0,0
20250311_202016,-1.929,0.600,0,0,0,0,0,0,0,0,0,0,0
20250311_202016,-1.909,0.600,0,0,0,0,0,0,0,0,0,0,0
20250311_202016,-1.888,0.600,0,0,0,0,0,0,0,0,0,0,0
20250311_202016,-1.868,0.600,0,0,0,0,0,0,0,0,0,0,0
20250311_202016,-1.848,0.600,0,0,0,0,0,0,0,0,0,0,0
20250311_202016,-1.828,0.600,0,0,0,0,0,0,0,0,0,0,0
20250311_202016,-1.807,0.600,0,0,0,0,0,0,0,0,0,0,0
20250311_202016,-1.787,0.600,0,0,0,0,0,0,0,0,0,0,0
20250311_202016,-1.767,0.600,0,0,0,0,0,0,0,0,0,0,0
20250311_202016,-1.747,0.600,0,0,0,0,0,0,0,0,0,0,0
20250311_202016,-1.726,0.600,0,0,0,0,0,0,0,0,0,0,0
20250311_202016,-1.706,0.600,0,0,0,0,0,0,0,0,0,0,0
20250311_202016,-1.686,0.600,0,0,0,0,0,0,0,0,0,0,0
20250311_202016,-1.666,0.600,0,0,0,0,0,0,0,0,0,0,0
20250311_202016,-1.645,0.600,0,0,0,0,0,0,0,0,0,0,0
20250311_202016,-1.625,0.600,0,0,0,0,0,0,0,0,0,0,0
20250311_202016,-1.605,0.600,0,0,0,0,0,0,0,0,0,0,0
20250311_202016,-1.585,0.600,0,0,0,0,0,0,0,0,0,0,0
20250311_202016,-1.565,0.600,0,0,0,0,0,0,0,0,0,0,0
20250311_202016,-1.544,0.600,0,0,0,0,0,0,0,0,0,0,0
20250311_202016,-1.524,0.600,0,0,0,0,0,0,0,0,0,0,0
20250311_202016,-1.504,0.600,0,0,0,0,0,0,0,0,0,0,0
20250311_202016,-1.484,0.600,0,0,0,0,0,0,0,0,0,0,0
20250311_202016,-1.463,0.600,0,0,0,0,0,0,0,0,0,0,0
20250311_202016,-1.443,0.600,0,0,0,0,0,0,0,0,0,0,0
20250311_202016,-1.423,0.600,0,0,0,0,0,0,0,0,0,0,0
20250311_202016,-1.403,0.600,0,0,0,0,0,0,0,0,0,0,0
20250311_202016,-1.382,0.600,0,0,0,0,0,0,0,0,0,0,0
20250311_202016,-1.362,0.600,0,0,0,0,0,0,0,0,0,0,0
20250311_202016,-2.253,0.600,0,0,0,0,0,0,0,0,0,0,0
20250311_202016,-2.233,0.600,0,0,0,0,0,0,0,0,0,0,0
20250311_202016,-2.212,0.600,0,0,0,0,0,0,0,0,0,0,0
20250311_202016,-2.192,0.600,0,0,0,0,0,0,0,0,0,0,0
20250311_202016,-2.172,0.600,0,0,0,0,0,0,0,0,0,0,0
20250311_202016,-2.152,0.600,0,0,0,0,0,0,0,0,0,0,0
20250311_202016,-2.131,0.600,0,0,0,0,0,0,0,0,0,0,0
20250311_202016,-2.111,0.600,0,0,0,0,0,0,0,0,0,0,0
20250311_202016,-2.091,0.600,0,0,0,0,0,0,0,0,0,0,0
20250311_202016,-2.071,0.600,0,0,0,0,0,0,0,0,0,0,0
20250311_202016,-2.050,0.600,0,0,0,0,0,0,0,0,0,0,0
20250311_202016,-2.030,0.600,0,0,0,0,0,0,0,0,0,0,0
20250311_202016,-2.010,0.600,0,0,0,0,0,0,0,0,0,0,0
20250311_202016,-1.990,0.600,0,0,0,0,0,0,0,0,0,0,0
20250311_202016,-1.969,0.600,0,0,0,0,0,0,0,0,0,0,0
20250311_202016,-1.949,0.600,0,0,0,0,0,0,0,0,0,0,0
20250311_202016,-1.929,0.600,0,0,0,0,0,0,0,0,0,0,0
20250311_202016,-1.909,0.600,0,0,0,0,0,0,0,0,0,0,0
20250311_202016,-1.888,0.600,0,0,0,0,0,0,0,0,0,0,0
20250311_202016,-1.868,0.600,0,0,0,0,0,0,0,0,0,0,0
20250311_202016,-1.848,0.600,0,0,0,0,0,0,0,0,0,0,0
20250311_202016,-1.828,0.600,0,0,0,0,0,0,0,0,0,0,0
20250311_202016,-1.807,0.600,0,0,0,0,0,0,0,0,0,0,0
20250311_202016,-1.787,0.600,0,0,0,0,0,0,0,0,0,0,0
20250311_202016,-1.767,0.600,0,0,0,0,0,0,0,0,0,0,0
20250311_202016,-1.747,0.600,0,0,0,0,0,0,0,0,0,0,0
20250311_202016,-1.726,0.600,0,0,0,0,0,0,0,0,0,0,0
20250311_202016,-1.706,0.600,0,0,0,0,0,0,0,0,0,0,0
20250311_202016,-1.686,0.600,0,0,0,0,0,0,0,0,0,0,0
20250311_202016,-1.666,0.600,0,0,0,0,0,0,0,0,0,0,0
20250311_202016,-1.645,0.600,0,0,0,0,0,0,0,0,0,0,0
20250311_202016,-1.625,0.600,0,0,0,0,0,0,0,0,0,0,0
20250311_202016,-1.605,0.600,0,0,0,0,0,0,0,0,0,0,0
20250311_202016,-1.585,0.600,0,0,0,0,0,0,0,0,0,0,0
20250311_202016,-1.565,0.600,0,0,0,0,0,0,0,0,0,0,0
20250311_202016,-1.544,0.600,0,0,0,0,0,0,0,0,0,0,0
20250311_202016,-1.524,0.600,0,0,0,0,0,0,0,0,0,0,0
20250311_202016,-1.504,0.600,0,0,0,0,0,0,0,0,0,0,0
20250311_202016,-1.484,0.600,0,0,0,0,0,0,0,0,0,0,0
20250311_202016,-1.463,0.600,0,0,0,0,0,0,0,0,0,0,0
20250311_202016,-1.443,0.600,0,0,0,0,0,0,0,0,0,0,0
20250311_202016,-1.423,0.600,0,0,0,0,0,0,0,0,0,0,0
20250311_202016,-1.403,0.600,0,0,0,0,0,0,0,0,0,0,0
20250311_202016,-1.382,0.600,0,0,0,0,0,0,0,0,0,0,0
20250311_202016,-1.362,0.600,0,0,0,0,0,0,0,0,0,0,0
20250311_202016,-1.342,0.600,0,0,0,0,0,0,0,0,0,0,0
20250311_202016,-1.322,0.600,0,0,0,0,0,0,0,0,0,0,0
20250311_202016,-1.302,0.600,0,0,0,0,0,0,0,0,0,0,0
20250311_202016,-1.282,0.600,0,0,0,0,0,0,0,0,0,0,0
20250311_202016,-1.261,0.600,0,0,0,0,0,0,0,0,0,0,0
20250311_202016,-1.241,0.600,0,0,0,0,0,0,0,0,0,0,0
20250311_202016,-1.221,0.600,0,0,0,0,0,0,0,0,0,0,0
20250311_202016,-1.201,0.600,0,0,0,0,0,0,0,0,0,0,0
20250311_202016,-1.181,0.600,0,0,0,0,0,0,0,0,0,0,0
20250311_202016,-1.161,0.600,0,0,0,0,0,0,0,0,0,0,0
20250311_202016,-1.141,0.600,0,0,0,0,0,0,0,0,0,0,0
20250311_202016,-1.121,0.600,0,0,0,0,0,0,0,0,0,0,0
20250311_202016,-1.100,0.600,0,0,0,0,0,0,0,0,0,0,0
20250311_202016,-1.080,0.600,0,0,0,0,0,0,0,0,0,0,0
20250311_202016,-1.060,0.600,0,0,0,0,0,0,0,0,0,0,0
20250311_202016,-1.040,0.600,0,0,0,0,0,0,0,0,0,0,0
20250311_202016,-1.020,0.600,0,0,0,0,0,0,0,0,0,0,0
20250311_202016,-1.000,0.600,0,0,0,0,0,0,0,0,0,0,0
20250311_202016,-0.980,0.600,0,0,0,0,0,0,0,0,0,0,0
20250311_202016,-0.960,0.600,0,0,0,0,0,0,0,0,0,0,0
20250311_202016,-0.940,0.600,0,0,0,0,0,0,0,0,0,0,0
20250311_202016,-0.919,0.600,0,0,0,0,0,0,0,0,0,0,0
20250311_202016,-0.899,0.600,0,0,0,0,0,0,0,0,0,0,0
20250311_202016,-0.879,0.600,0,0,0,0,0,0,0,0,0,0,0
20250311_202016,-0.859,0.600,0,0,0,0,0,0,0,0,0,0,0
20250311_202016,-0.839,0.600,0,0,0,0,0,0,0,0,0,0,0
20250311_202016,-0.819,0.600,0,0,0,0,0,0,0,0,0,0,0
20250311_202016,-0.799,0.600,0,0,0,0,0,0,0,0,0,0,0
20250311_202016,-0.779,0.600,0,0,0,0,0,0,0,0,0,0,0
20250311_202016,-0.758,0.600,0,0,0,0,0,0,0,0,0,0,0
20250311_202016,-0.738,0.600,0,0,0,0,0,0,0,0,0,0,0
20250311_202016,-0.718,0.600,0,0,0,0,0,0,0,0,0,0,0
20250311_202016,-0.698,0.600,0,0,0,0,0,0,0,0,0,0,0
20250311_202016,-0.678,0.600,0,0,0,0,0,0,0,0,0,0,0
20250311_202016,-0.658,0.600,0,0,0,0,0,0,0,0,0,0,0
20250311_202016,-0.638,0.600,0,0,0,0,0,0,0,0,0,0,0
20250311_202016,-0.618,0.600,0,0,0,0,0,0,0,0,0,0,0
20250311_202016,-0.597,0.600,0,0,0,0,0,0,0,0,0,0,0
20250311_202016,-0.577,0.600,0,0,0,0,0,0,0,0,0,0,0
20250311_202016,-0.557,0.600,0,0,0,0,0,0,0,0,0,0,0
20250311_202016,-0.537,0.600,0,0,0,0,0,0,0,0,0,0,0
20250311_202016,-0.517,0.600,0,0,0,0,0,0,0,0,0,0,0
20250311_202016,-0.497,0.600,0,0,0,0,0,0,0,0,0,0,0
20250311_202016,-0.477,0.600,0,0,0,0,0,0,0,0,0,0,0
20250311_202016,-0.457,0.600,0,0,0,0,0,0,0,0,0,0,0
20250311_202016,-0.437,0.600,0,0,0,0,0,0,0,0,0,0,0
20250311_202016,-0.416,0.600,0,0,0,0,0,0,0,0,0,0,0
20250311_202016,-0.396,0.600,0,0,0,0,0,0,0,0,0,0,0
20250311_202016,-0.376,0.600,0,0,0,0,0,0,0,0,0,0,0
20250311_202016,-0.356,0.600,0,0,0,0,0,0,0,0,0,0,0
20250311_202016,-0.336,0.600,0,0,0,0,0,0,0,0,0,0,0
20250311_202016,-0.316,0.600,0,0,0,0,0,0,0,0,0,0,0
20250311_202016,-0.296,0.600,0,0,0,0,0,0,0,0,0,0,0
20250311_202016,-0.276,0.600,0,0,0,0,0,0,0,0,0,0,0
20250311_202016,-0.255,0.600,0,0,0,0,0,0,0,0,0,0,0
20250311_202016,-0.235,0.600,0,0,0,0,0,0,0,0,0,0,0
20250311_202016,-0.215,0.600,0,0,0,0,0,0,0,0,0,0,0
20250311_202016,-0.195,0.600,0,0,0,0,0,0,0,0,0,0,0
20250311_202016,-0.175,0.600,0,0,0,0,0,0,0,0,0,0,0
20250311_202016,-0.155,0.600,0,0,0,0,0,0,0,0,0,0,0
20250311_202016,-0.135,0.600,0,0,0,0,0,0,0,0,0,0,0
20250311_202016,-0.115,0.600,0,0,0,0,0,0,0,0,0,0,0
20250311_202016,-0.094,0.600,0,0,0,0,0,0,0,0,0,0,0
20250311_202016,-0.074,0.600,0,0,0,0,0,0,0,0,0,0,0
20250311_202016,-0.054,0.600,0,0,0,0,0,0,0,0,0,0,0
20250311_202016,-0.034,0.600,0,0,0,0,0,0,0,0,0,0,0
20250311_202016,-0.014,0.600,0,0,0,0,0,0,0,0,0,0,0
20250311_202016,0.007,0.600,0,0,0,0,0,0,0,0,0,0,0
20250311_202016,0.027,0.599,0,0,0,0,0,0,0,0,0,0,0
20250311_202016,0.048,0.599,0,0,0,0,0,0,0,0,0,0,0
20250311_202016,0.069,0.599,0,0,0,0,0,0,0,0,0,0,0
20250311_202016,0.089,0.598,0,0,0,0,0,0,0,0,0,0,0
20250311_202016,0.110,0.598,0,0,0,0,0,0,0,0,0,0,0
20250311_202016,0.130,0.597,0,0,0,0,0,0,0,0,0,0,0
20250311_202016,0.151,0.597,0,0,0,0,0,0,0,0,0,0,0
20250311_202016,0.172,0.597,0,0,0,0,0,0,0,0,0,0,0
20250311_202016,0.192,0.596,0,0,0,0,0,0,0,0,0,0,0
20250311_202016,0.213,0.596,0,0,0,0,0,0,0,0,0,0,0
20250311_202016,0.234,0.596,0,0,0,0,0,0,0,0,0,0,0
20250311_202016,0.254,0.595,0,0,0,0,0,0,0,0,0,0,0
20250311_202016,0.275,0.595,0,0,0,0,0,0,0,0,0,0,0
20250311_202016,0.295,0.594,0,0,0,0,0,0,0,0,0,0,0
20250311_202016,0.316,0.594,0,0,0,0,0,0,0,0,0,0,0
20250311_202016,0.337,0.594,0,0,0,0,0,0,0,0,0,0,0
20250311_202016,0.357,0.593,0,0,0,0,0,0,0,0,0,0,0
20250311_202016,0.378,0.593,0,0,0,0,0,0,0,0,0,0,0
20250311_202016,0.399,0.593,0,0,0,0,0,0,0,0,0,0,0
20250311_202016,0.419,0.592,0,0,0,0,0,0,0,0,0,0,0
20250311_202016,0.440,0.592,0,0,0,0,0,0,0,0,0,0,0
20250311_202016,0.415,0.589,0,0,0,0,0,0,0,0,8,5,0
20250311_202016,0.390,0.587,0,0,0,0,0,0,0,0,8,5,0
20250311_202016,0.365,0.585,0,0,0,0,0,0,0,0,8,5,0
20250311_202016,0.340,0.582,0,0,0,0,0,0,0,0,8,5,0
20250311_202016,0.316,0.575,0,0,0,0,0,0,0,0,8,5,0
20250311_202016,0.292,0.569,0,0,0,0,0,0,0,0,8,5,0
20250311_202016,0.269,0.562,0,0,0,0,0,0,0,0,8,5,0
20250311_202016,0.245,0.555,0,0,0,0,0,0,0,0,8,5,0
20250311_202016,0.224,0.543,0,0,0,0,0,0,0,0,8,5,0
20250311_202016,0.202,0.532,0,0,0,0,0,0,0,0,8,5,0
20250311_202016,0.181,0.521,0,0,0,0,0,0,0,0,8,5,0
20250311_202016,0.160,0.510,0,0,0,0,0,0,0,0,8,5,0
20250311_202016,0.136,0.490,0,0,0,0,0,0,0,0,8,5,0
20250311_202016,0.112,0.470,0,0,0,0,0,0,0,0,8,5,0
20250311_202016,0.089,0.450,0,0,0,0,0,0,0,0,8,5,0
20250311_202016,0.071,0.427,0,0,0,0,0,0,0,0,8,5,0
20250311_202016,0.053,0.403,0,0,0,0,0,0,0,0,8,5,0
20250311_202016,0.035,0.379,0,0,0,0,0,0,0,0,8,5,0
20250311_202016,0.024,0.353,0,0,0,0,0,0,0,0,8,5,0
20250311_202016,0.013,0.326,0,0,0,0,0,0,0,0,8,5,0
20250311_202016,0.002,0.300,0,0,0,0,0,0,0,0,8,5,0
20250311_202016,-0.001,0.279,0,0,0,0,0,0,0,0,8,5,0
20250311_202016,-0.004,0.258,0,0,0,0,0,0,0,0,8,5,0
20250311_202016,-0.006,0.237,0,0,0,0,0,0,0,0,8,5,0
20250311_202016,-0.009,0.216,0,0,0,0,0,0,0,0,8,5,0
20250311_202016,-0.009,0.196,0,0,0,0,0,0,0,0,8,5,0
20250311_202016,-0.008,0.176,0,0,0,0,0,0,0,0,8,5,0
20250311_202016,-0.007,0.156,0,0,0,0,0,0,0,0,8,5,0
20250311_202016,-0.007,0.135,0,0,0,0,0,0,0,0,8,5,0
20250311_202016,-0.006,0.115,0,0,0,0,0,0,0,0,8,5,0
20250311_202016,-0.005,0.095,0,0,0,0,0,0,0,0,8,5,0
20250311_202016,-0.005,0.075,0,0,0,0,0,0,0,0,8,5,0
20250311_202016,-0.004,0.055,0,0,0,0,0,0,0,0,8,5,0
20250311_202016,-0.004,0.034,0,0,0,0,0,0,0,0,8,5,0
20250311_202016,-0.003,0.014,0,0,0,0,0,0,0,0,8,5,0
20250311_202016,-0.002,-0.006,0,0,0,0,0,0,0,0,8,5,0
20250311_202016,-0.002,-0.026,0,0,0,0,0,0,0,0,8,5,0
20250311_202016,-0.001,-0.046,0,0,0,0,0,0,0,0,8,5,0
20250311_202016,-0.000,-0.067,0,0,0,0,0,0,0,0,8,5,0
20250311_202016,0.000,-0.087,0,0,0,0,0,0,0,0,8,5,0
